% # columns="iteration, evaluation, sigma, max axis length,  min axis length, all principal axes lengths  (sorted square roots of eigenvalues of C)", seed=531631, Sat Sep 17 21:41:29 2022
1 10 0.23806413869936563 1.00004687609865 1.0 1.0 1.0000031250048829 1.0000062500195313 1.0000093750439456 1.0000125000781253 1.0000156251220709 1.0000187501757822 1.0000218752392596 1.0000250003125026 1.0000281253955117 1.0000312504882864 1.000034375590827 1.0000375007031337 1.0000406258252066 1.0000437509570452 1.00004687609865
2 20 0.2245962356004195 1.07374240980381 0.9475923406119092 0.9475923406119092 0.9661937854834011 0.9760057313017176 0.9832852760995596 0.9991908204045976 1.0000107506832097 1.0000162523673883 1.0000179746094462 1.0000259312248527 1.0000266493251377 1.0000386302289925 1.0003374256321778 1.0029056084350778 1.0094739597069264 1.0265879003499985 1.07374240980381
3 30 0.22643149559546663 1.0904590938166234 0.9337898444852193 0.9337898444852193 0.9447161958668944 0.9606729268975752 0.97537331372672 0.9843951396168995 0.9898315477973919 0.9932530341841308 0.9967594382694823 0.9989259031394816 1.0002042649372032 1.0017467651503733 1.0047365019543195 1.0132081910893178 1.020346176715559 1.0320242908628707 1.0904590938166234
4 40 0.23515325484032037 1.1027066695326304 0.9208927523772623 0.9208927523772623 0.9364564157073375 0.9528172025250693 0.9629095202469837 0.9774798633779371 0.9836575669933469 0.9853482548672274 0.9924703020820801 0.9941518901274997 1.0014015753414924 1.008238202330043 1.0129981901906704 1.017988748369362 1.029523630391551 1.0908513108421636 1.1027066695326304
5 50 0.23637322473468966 1.1507913712669895 0.9169619118222523 0.9169619118222523 0.9233920891049301 0.9478421087879744 0.9552007504797977 0.9708145752976018 0.9766425824916889 0.9856761659929535 0.9908533686315145 0.9945174201902283 0.9983864920774682 1.0019453759916763 1.011745695449666 1.0161947683510626 1.0404147979602192 1.0782774586629351 1.1507913712669895
6 60 0.24285375110267848 1.1686118770937703 0.8979766868019214 0.8979766868019214 0.9217242844595229 0.9329985912496145 0.953769873547642 0.9678585578030655 0.975293149633727 0.9796852698643981 0.9854085922878034 0.9956010568568298 1.000414145428439 1.0047961344851757 1.0133157436576656 1.028771291740837 1.0456889870553456 1.0773666407864633 1.1686118770937703
7 70 0.2545197438881549 1.201739920594537 0.8865561828233249 0.8865561828233249 0.9121660837853037 0.9264155957670751 0.9456522896657491 0.9645233321371666 0.9713599691369411 0.9814738904590642 0.9876502131133039 0.9926841575192069 0.997075749532156 1.0081274779681093 1.015246866372543 1.0365043703114174 1.0510391443115155 1.082169734197367 1.201739920594537
8 80 0.2570544986224697 1.2506002037603892 0.8704449132547487 0.8704449132547487 0.8925745795308566 0.9159870519522051 0.9367649764509962 0.9614052650686213 0.9707465306332065 0.9751886406394512 0.9783889071355613 0.9890589712868508 1.0102240545327035 1.011633686314677 1.0251076301774134 1.0556849746242503 1.0640388189239183 1.0836876110152598 1.2506002037603892
9 90 0.2579734106230303 1.2692863839087367 0.867630084383071 0.867630084383071 0.8985082602493001 0.9225847046768717 0.9304086484873275 0.9496693024810401 0.9691294543136867 0.9747367424755392 0.9770436245634024 0.9902084034469181 0.997491753721658 1.0098951017724545 1.0307028847176727 1.057504098287056 1.072271555249984 1.1036982389177885 1.2692863839087367
10 100 0.24698941440961056 1.2835924624704116 0.8597133486104843 0.8597133486104843 0.8938707145164767 0.914813142512145 0.9243419324710713 0.9407708137732965 0.9486652018457576 0.9620091181502423 0.9828946695536908 0.9979251210127659 1.0021761977299872 1.0051902783396778 1.0335054698208304 1.0644957259003196 1.0772351703837517 1.105262546322049 1.2835924624704116
11 110 0.2335933276979907 1.2922339248159627 0.8557841307374877 0.8557841307374877 0.8877216220515721 0.9089113934790839 0.9179346285874892 0.9347061527356377 0.9454242997973645 0.9503925591677213 0.9715104784971269 0.9773854638102657 1.0043656838000197 1.013009024679306 1.031857268444982 1.0626549969452947 1.0746492945460946 1.10497446942275 1.2922339248159627
12 120 0.22662677916565954 1.2859130983663645 0.8417612727838109 0.8417612727838109 0.8729949532376424 0.899495070168656 0.9144117271313411 0.9340733554292732 0.9382936465938749 0.9511029215701893 0.9742846331196006 0.9835501660525817 1.0019366562777552 1.0124743652834438 1.0327806037374403 1.0681879910039602 1.069812530174608 1.105954304213591 1.2859130983663645
13 130 0.22474874726503105 1.2794949645185254 0.8363260758821257 0.8363260758821257 0.8626005452466164 0.8974848110842776 0.9102411304657462 0.9271755532147761 0.9352080064447355 0.944781375970968 0.9724149017835862 0.9835436884307295 1.0021234559677716 1.0153648459081868 1.03227794811622 1.0652592118244846 1.0935328141116951 1.1271353550420107 1.2794949645185254
14 140 0.21551176087661494 1.2929583517431333 0.8358920622146763 0.8358920622146763 0.8577097700081677 0.8883350948700399 0.9043275054032062 0.9250814266022299 0.9336335290257377 0.9488459332870749 0.9686185175177993 0.9770113939262397 0.9965898631149023 1.021468341021364 1.03559183335731 1.0607472467509886 1.09182481061578 1.1284844282623634 1.2929583517431333
15 150 0.204073268444761 1.2946214358892127 0.8361817762790056 0.8361817762790056 0.8557725022991669 0.8831824870348518 0.8976527205713885 0.9111985942582983 0.9305130829716113 0.9387284941682926 0.9531600095453264 0.9723807021884029 0.9999030731487505 1.0217231211272413 1.0382455961914838 1.0599349994545857 1.0856150271735998 1.1267338061134107 1.2946214358892127
16 160 0.19230142575579492 1.2960831521238048 0.8329784672860095 0.8329784672860095 0.8579768532373451 0.8779574173031259 0.8938881546780613 0.9043377080828049 0.9228820488214186 0.9304020201902553 0.946631656931668 0.9653785777672471 0.9933015871163953 1.0180241713580533 1.0423343578304738 1.0681923430513998 1.0859597999231252 1.1368914560891619 1.2960831521238048
17 170 0.1769636616193696 1.296286968711614 0.8263285550528298 0.8263285550528298 0.8482813294794539 0.8744830186484199 0.8923844327755142 0.9036356755742315 0.9216593483101432 0.9319386342934182 0.9407464240756975 0.9652006248167309 0.9820612688111566 1.0269737432766426 1.0409928964417536 1.0696305879825718 1.0719400060445325 1.1237201869995102 1.296286968711614
18 180 0.1709848107708487 1.2982952165413364 0.81676254367134 0.81676254367134 0.8351331452421838 0.8525330686284559 0.8863446936063091 0.9046529500245145 0.9176320527836003 0.9307516461809535 0.9439384571715436 0.9526540627580234 0.9822739863697445 1.0253714717792897 1.0398705040083327 1.0684287636041467 1.0795053362504632 1.126112505183138 1.2982952165413364
19 190 0.16779472848284896 1.2810738824256034 0.8103310533873272 0.8103310533873272 0.8278806690125307 0.8495314755416004 0.8921420660655589 0.8968321247653008 0.9117639405614594 0.9240358414152745 0.9329981820647945 0.9599563425969576 0.9751834211592836 1.0255620332235282 1.0601930871439418 1.076717332253771 1.0863824155986832 1.1250869421741871 1.2810738824256034
20 200 0.1624793978493811 1.2714409416755093 0.8022738213812405 0.8022738213812405 0.8262947531486722 0.8461465935156449 0.8880596943577447 0.8941792830696528 0.9034100698666493 0.9129299133846581 0.9342863159319055 0.9738383942795623 0.9796136936682276 1.015814411152968 1.0629787102880515 1.077394011035575 1.0890670110402116 1.1192518354450625 1.2714409416755093
21 210 0.1566759853869679 1.2601820387696554 0.7954041494221227 0.7954041494221227 0.8253028674949718 0.8403246289325051 0.8829738538777939 0.8887756423604325 0.9035157828832603 0.9156581019736182 0.9298241643614086 0.9715321616578182 0.9782829833300611 1.013473003625068 1.0586911589841148 1.0795035938611668 1.0857362739231304 1.1274728131200673 1.2601820387696554
22 220 0.15268810940159055 1.2470118621084403 0.7927597831927888 0.7927597831927888 0.81650411619085 0.8329671969264695 0.8760118059103116 0.8869338808330142 0.8997830176739481 0.9150961803445161 0.9438356540082227 0.9664066558482691 0.9711376817979777 1.015641570292396 1.0595412169696667 1.0735544513577937 1.0923971142596904 1.1129799561972773 1.2470118621084403
23 230 0.1446613901080147 1.2379704238706657 0.787031938325526 0.787031938325526 0.7990536124813554 0.8293001711087112 0.8697223104917801 0.8881443348174912 0.8907726502058736 0.9091852981371568 0.9545793808277057 0.9619833414584646 0.9879561891022072 1.0202097905425425 1.058573347580085 1.0692919340353173 1.0879183510694321 1.112412660646177 1.2379704238706657
24 240 0.13491524350191855 1.230619558725327 0.782761585914605 0.782761585914605 0.7940916562247752 0.8209010665851358 0.8695043521499478 0.8853097372643818 0.8918945488119999 0.9057988812132588 0.9590375036397346 0.9627657529779106 0.9810671847861091 1.0216079795803317 1.0531120802151916 1.0676844167516044 1.0992874798896435 1.10731509594223 1.230619558725327
25 250 0.1268432135810963 1.2432332454540294 0.7770178772655607 0.7770178772655607 0.7947158977957208 0.8262104087218203 0.8664438858829231 0.8853735384754292 0.8936756620946128 0.8954168491003983 0.944184283141926 0.9638546187090283 0.9753261002366291 1.0133324232587257 1.0526705379600754 1.0718301023369967 1.091478395909884 1.10423007585549 1.2432332454540294
26 260 0.11835947599053998 1.2156375755815745 0.7724674327332613 0.7724674327332613 0.7917886340041751 0.8254593609353029 0.8633198384643548 0.8836965255384012 0.8868746858369673 0.8968119631463278 0.9326897689919373 0.9586750546962701 0.9708111408973747 1.011388614925486 1.0524733683300056 1.0745979142771878 1.0927371085075326 1.1032957686494171 1.2156375755815745
27 270 0.11579484917935984 1.216338433729344 0.7702550878807694 0.7702550878807694 0.7910107833060724 0.8212343250440994 0.853268434574942 0.8785822297178302 0.8900286015118494 0.8978241787721947 0.9178408211314522 0.9474104528479077 0.9681791896024257 1.0096996592889296 1.0580440654354513 1.0670824315971494 1.0990820001354964 1.1074035265646205 1.216338433729344
28 280 0.11606556692951393 1.239173730483727 0.7664171789144668 0.7664171789144668 0.7851448957856426 0.8075041797642181 0.8516828130549398 0.874176143299919 0.8823560594356877 0.8894261173111314 0.9220577989680797 0.9502796119964098 0.9657505137457794 1.0066311520120677 1.0587281459642732 1.0672541176122987 1.0888095317088742 1.109559769167868 1.239173730483727
29 290 0.11171757413577084 1.2572459606739694 0.7691514239672183 0.7691514239672183 0.7819820871562211 0.80295640593226 0.840541746457893 0.8692121597282666 0.8816083953900042 0.8831536414692406 0.92105628302695 0.9495447011688197 0.9689381154116319 1.0088985649525422 1.054065915094653 1.063590460346741 1.0876745159108014 1.1153263022434754 1.2572459606739694
30 300 0.10635079502899457 1.2684812310524558 0.7671945497261302 0.7671945497261302 0.7797640165148445 0.7935555152621296 0.8389485186939922 0.867069550336498 0.8831444648969765 0.8866589840819052 0.9243901411791825 0.9403399047178446 0.9710849241509099 1.0057420240904114 1.044871833415154 1.0628464296894384 1.0869306495716844 1.122150338088317 1.2684812310524558
31 310 0.0991087346859583 1.280838068282508 0.7481368546790945 0.7481368546790945 0.7826807721501121 0.7958287446141408 0.832818787775136 0.8688956548671672 0.877896111855971 0.8837593297290883 0.9190699673744891 0.9350239035313554 0.9681544205528886 1.001260171961198 1.0423408961800051 1.0712560485450282 1.079409833880492 1.1244823627491891 1.280838068282508
32 320 0.09601409258771797 1.277264646548017 0.7447308141215022 0.7447308141215022 0.7760645713957847 0.7953652746681532 0.8313461637347994 0.8688070732240412 0.8783889771163214 0.8822903339412682 0.909465671788331 0.9259720961631258 0.965225779972127 1.0077204683447656 1.0407502075791182 1.051220756963951 1.0790460814998943 1.1056567424137878 1.277264646548017
33 330 0.09131810918115538 1.2635251311316673 0.7504133897496186 0.7504133897496186 0.7661684406117356 0.7981588641410228 0.820720945412246 0.8414963466135964 0.8773449330982946 0.8801697360782236 0.9100840814584142 0.9250426665042002 0.984286597235142 1.0070493644796086 1.036422408076963 1.0668373062092296 1.088357736765032 1.105298154948571 1.2635251311316673
34 340 0.08416293394166034 1.2646511474858397 0.7549754904981947 0.7549754904981947 0.7696479553201637 0.8030002054102635 0.8228091841392817 0.8408776335026077 0.858471002553842 0.8700975410051425 0.9056748570991229 0.9148195754938242 0.9809144240196155 1.0116979786122637 1.0285264219249222 1.0587209975090819 1.0857644136960365 1.0971076153741537 1.2646511474858397
35 350 0.07896143907354847 1.2574654236272989 0.7412735348585354 0.7412735348585354 0.7601142798152437 0.8064762899625436 0.8196839502423535 0.8403789478185044 0.8547372102107117 0.8645829680303327 0.9062223285809828 0.9159540623132386 0.9757768579214923 1.008962428223005 1.0166855509747983 1.0587007158570332 1.0903232604330242 1.0981277147515103 1.2574654236272989
36 360 0.07225179219317533 1.2568146984005357 0.7412724043374843 0.7412724043374843 0.7554428235331896 0.8027472680657883 0.8130742017707948 0.8365293201416713 0.8448597006413239 0.8661057544519922 0.9078903474177473 0.9168566970616207 0.9749217639297593 1.001980423567628 1.0163696749735875 1.047437593396374 1.072382841949704 1.1027383804522657 1.2568146984005357
37 370 0.06973442823508946 1.2591517979079996 0.7359690656182418 0.7359690656182418 0.7552762671205491 0.7951533542337986 0.801948388003716 0.8288120090569766 0.8443069353938589 0.8678829154139124 0.9073351322295475 0.9202387184826235 0.9590464011759737 0.9981225138946784 1.0131871921687612 1.0502248681829929 1.0659865305338656 1.1073260233352045 1.2591517979079996
38 380 0.06606384801702436 1.2351104212458475 0.7342168496958585 0.7342168496958585 0.7568999379124919 0.7950896069337055 0.8015638918761091 0.8336718971344134 0.840224603924447 0.8650523789340437 0.9012883184648172 0.9220019793933875 0.9621252144523996 0.995139327933404 1.0149454492877583 1.0509665792317398 1.0595246241681078 1.0954926032644858 1.2351104212458475
39 390 0.06177915282190525 1.2424542772083633 0.7286223879378196 0.7286223879378196 0.7556893614635084 0.7922451946924433 0.8007920937774934 0.8279481211533934 0.8418444818298736 0.8559730021588388 0.9020142727226499 0.9273787066316497 0.9476861134062324 0.9960543787360489 1.0153299600493715 1.0430298860620224 1.057568022182354 1.0789569600200875 1.2424542772083633
40 400 0.05756013662994811 1.243685326345509 0.7274573482029172 0.7274573482029172 0.7480403831857153 0.7884919892904704 0.8047662906937921 0.8170105680174246 0.8392441103687911 0.853301846912277 0.875498465217034 0.9249593119592292 0.950031165261202 0.986051964761883 1.0025305365544586 1.0444525380587268 1.0590977830486081 1.0795814719800318 1.243685326345509
41 410 0.05320444821291225 1.2673531664596147 0.7258039380997244 0.7258039380997244 0.7468382674039382 0.7803611659281098 0.8065314654389915 0.8163155225683213 0.8375623179961735 0.8475218969653193 0.8786852292303057 0.9112558978758343 0.9408006627066431 0.9725397969017555 0.989891151928166 1.0452497792347022 1.0608726794281005 1.0840200177065054 1.2673531664596147
42 420 0.050403827446936236 1.2698495807347268 0.7104016278471634 0.7104016278471634 0.7470412876601188 0.7830252357648733 0.8092064678115025 0.819520714778244 0.8373736412839257 0.8473770699405172 0.86410057345011 0.9068013487236152 0.9322417869549957 0.9666143964764705 0.9884981387058955 1.0365095720065776 1.0477496846220153 1.081003573470582 1.2698495807347268
43 430 0.04979000657102678 1.2622079201930354 0.7018727748821153 0.7018727748821153 0.7449805273083573 0.7740380287013029 0.8009833605018192 0.8122081037538601 0.8328366964820906 0.8491910896155666 0.8644605707699229 0.9040932631901477 0.934500335883727 0.9647266452118579 0.9765919331471407 1.0328266969303583 1.0402534210353254 1.0945154738765437 1.2622079201930354
44 440 0.04999060330900565 1.2481008128784763 0.697513287896236 0.697513287896236 0.745671364527412 0.7640154178722263 0.8043868643293484 0.8084917527354598 0.8279179966468515 0.8478511612686751 0.8511950400112904 0.8996106155207361 0.9395052775119133 0.9650652598990411 0.9738469705948294 1.0261008777857117 1.0386019666500936 1.126849727603644 1.2481008128784763
45 450 0.05233042158835761 1.2628900335125248 0.6932514340706042 0.6932514340706042 0.7363657804191699 0.7591249070091379 0.7939158716313415 0.8057785035584522 0.8321043216525521 0.8411432367610449 0.8534150813020355 0.897125206599608 0.9351475649612512 0.9601920846540782 0.9948921841868718 1.032328410992186 1.0620911362405345 1.1311044917073756 1.2628900335125248
46 460 0.05379733836585135 1.2602074564255992 0.6883666517052386 0.6883666517052386 0.7275632708107179 0.7640940863333785 0.7837888839969799 0.8054390359350754 0.8172216209112602 0.8342186020810117 0.8579554753926624 0.8979949900930733 0.9221997079344009 0.966707524127611 0.9960354760920422 1.0345089707703221 1.0832353775246946 1.149236925416089 1.2602074564255992
47 470 0.05523035375525182 1.2565704732317853 0.6828833108711334 0.6828833108711334 0.72759952409407 0.7617448041708713 0.7797238385846436 0.8029533586871147 0.8122504246480342 0.8281880241027042 0.8636572448810074 0.9049430161784466 0.9248037285502547 0.9590197773626943 0.9954363213986759 1.031359400912225 1.088242164651838 1.1473212123182588 1.2565704732317853
48 480 0.055338153332437016 1.2568959390397296 0.6808826891223874 0.6808826891223874 0.7224950148877041 0.7563826111343767 0.7851371644898104 0.7910959530840154 0.8144277823219419 0.8201561373517408 0.8671112796064635 0.9026303788023073 0.9207793936382404 0.9644253140801778 0.990050805738048 1.030674467131156 1.1011966683433738 1.152793402224572 1.2568959390397296
49 490 0.05228622534997579 1.2608256943087324 0.6710060874456597 0.6710060874456597 0.7178551016854707 0.7568232720076392 0.7811676576830211 0.7821361275943873 0.7989172706568288 0.8133078534437216 0.8685031909301718 0.9029406688963165 0.9207984510262139 0.9664004702611511 0.9870954850255598 1.039895987584539 1.093788014829459 1.1598848490763238 1.2608256943087324
50 500 0.051176827343656126 1.2625089089647503 0.6668869425732612 0.6668869425732612 0.7003941086777684 0.7572497397349114 0.7630275658137257 0.780829876393011 0.7863323592433593 0.8145482283245612 0.8688491061001925 0.9024385034780997 0.9213049094258362 0.9691398069773337 0.9755701220263682 1.0425194800622986 1.0943636823881606 1.166647714395229 1.2625089089647503
51 510 0.050360194425146124 1.2603597842504304 0.6664145961641667 0.6664145961641667 0.692223687588596 0.748527153663291 0.7671947669689433 0.7786141452625014 0.7842904905441925 0.8135073907879178 0.8589369420065757 0.8997058858940054 0.917444707482568 0.9714741506016474 0.9765516806342381 1.0327738736126828 1.1300547273176356 1.1702561389871002 1.2603597842504304
52 520 0.051910750631863435 1.2620266563033893 0.648283789246005 0.648283789246005 0.6952297398529248 0.7460234124104568 0.7650024053969889 0.7779223180604576 0.7855758759423251 0.8132729890061415 0.8551406644432561 0.8884159946496547 0.9146370887355938 0.963728365143466 0.9795325500861811 1.0210877644758627 1.1199521389737623 1.1868030318031657 1.2620266563033893
53 530 0.05177850776859236 1.258644423363417 0.6458513394360036 0.6458513394360036 0.7023821023415261 0.7485778767493506 0.7626630876062163 0.7767468712057597 0.7817862064031326 0.8119239884324274 0.8614639725507297 0.8882642018218672 0.916975607582918 0.9575044659562434 0.9711319116440436 1.0197351830416115 1.1374244224237182 1.1832407892245913 1.258644423363417
54 540 0.050527554049880664 1.2599064585705546 0.6368070472167066 0.6368070472167066 0.7023598782035168 0.7356704850340707 0.7628719292832072 0.7674901115655544 0.7926807416934148 0.8178869056014216 0.8687320696504963 0.885388123390745 0.9205767002819758 0.948374892696177 0.9760057076190474 1.0145134692149225 1.137047755679732 1.1839998860196712 1.2599064585705546
55 550 0.048970313254975494 1.2662484379582597 0.6348207187586804 0.6348207187586804 0.7047766629216892 0.7416945500450498 0.7579430738102312 0.7636464445757271 0.7793402983689713 0.8127872688768895 0.8696264868413576 0.8857521914966447 0.9146472570584943 0.9417580424715004 0.9984407261624212 1.0117154081502377 1.127456926300542 1.1905563661822134 1.2662484379582597
56 560 0.04754678261210223 1.2645741324348103 0.6348164353563466 0.6348164353563466 0.703588561331081 0.7349610879882279 0.7431936723651233 0.7665106396196864 0.7814414174577345 0.8200485954369009 0.8479271285385992 0.877300612126534 0.9108629506243916 0.9504015474482267 0.9957585736928868 1.0079701985936957 1.1304130045424776 1.1918076575700138 1.2645741324348103
57 570 0.048150347018091316 1.2552574556978506 0.6234861226220151 0.6234861226220151 0.7001766414654671 0.727952066035398 0.7437447341379426 0.7648198144745839 0.7805365810241476 0.8188490000920566 0.8458126848819973 0.8738413179683696 0.9166966311522021 0.954740749038676 0.9956297387134125 1.0085263669100535 1.1397178057182278 1.2107482171814163 1.2552574556978506
58 580 0.04750336274268018 1.2663186061808591 0.6243742676274592 0.6243742676274592 0.7020543700414746 0.7206157513345685 0.7590501563780602 0.768394266229531 0.7748013421871324 0.8196764441153251 0.841093906348126 0.8712320317584623 0.9082438913052459 0.9583582908840156 0.9848419923137427 1.0176172266107546 1.1498600677346522 1.1970709720650066 1.2663186061808591
59 590 0.045586710632170756 1.2617928501611007 0.6267767042665834 0.6267767042665834 0.7013745223816596 0.7200837084756447 0.754649876776518 0.7685646673411557 0.7741511552493496 0.8113419257970391 0.8386742145171272 0.8650963844707716 0.9016145905103863 0.9517611319222256 0.9861995757901135 1.0180049018107977 1.1509669771770374 1.1985684173674447 1.2617928501611007
60 600 0.04475110228575698 1.2645696535303517 0.6250962747327206 0.6250962747327206 0.6997911626126274 0.7169536108598511 0.7535541525657501 0.7655279295035227 0.78003706654025 0.810374020664615 0.8282025195211163 0.8658973679939668 0.9080485080718913 0.9417026115966205 0.9889107731586698 1.0180996145258538 1.136091595671542 1.1908173272864073 1.2645696535303517
61 610 0.04321552170581345 1.2619488905598542 0.6246889089640848 0.6246889089640848 0.6979268576829829 0.7104508063602132 0.7431549145808937 0.7615269680274778 0.7754299319774947 0.8107949656021114 0.8299127591126358 0.8703787084755692 0.9006571627827329 0.9439393212050101 0.9872691450517139 1.0458316506286383 1.1422455347363356 1.181722293860737 1.2619488905598542
62 620 0.04056569059270827 1.2662111527292577 0.6240866343416669 0.6240866343416669 0.6795107245223848 0.7081049250692674 0.7401684564019053 0.7618686247781237 0.77371176098843 0.8067759608054997 0.8303007659401536 0.8709204820906523 0.9006396521193775 0.9453733490845756 0.9897222771117222 1.0527131112875556 1.1343337742274486 1.1818662922837577 1.2662111527292577
63 630 0.04022012300419327 1.2600455051072226 0.6144255954340868 0.6144255954340868 0.6780642300628816 0.7026564126920661 0.7393606011668828 0.751504857340694 0.7695688594513104 0.8033269382788231 0.828979774521301 0.8593093928895934 0.8983586381428932 0.9422362899786798 0.988264111514165 1.0562876928889333 1.1290889569268339 1.1768044673080158 1.2600455051072226
64 640 0.04019208451107096 1.2477293502981381 0.6076914348495193 0.6076914348495193 0.6769496676622561 0.7030748508172839 0.740816573332508 0.7533794836772816 0.7692044609082171 0.8014740834059659 0.8288073342382405 0.8475691750144354 0.9062148979166147 0.9428620060416035 0.9961879473143679 1.0532424725317295 1.1412998538378598 1.1671296207228168 1.2477293502981381
65 650 0.038566416869647055 1.2477236720219926 0.6088806814795342 0.6088806814795342 0.6754852303800839 0.6932464272138134 0.7362160427145054 0.7497336865010843 0.7652285545702598 0.7992170873893841 0.8373545744721776 0.855485862511277 0.901149675307504 0.9529204472056426 0.9987344564968438 1.059392799480215 1.1340140223818995 1.162712520127007 1.2477236720219926
66 660 0.037625945476432804 1.2522786701240933 0.5981292768415295 0.5981292768415295 0.6727348179838862 0.6906058605158183 0.7295684509869411 0.7489164888215909 0.7614899725916547 0.7995441776282456 0.8297853725349348 0.8512032342886255 0.9030411073901794 0.9401596218983386 0.9969991963510442 1.0599793477463564 1.148244343848763 1.1661705090235925 1.2522786701240933
67 670 0.03665155388516549 1.253214582225139 0.5963798635086998 0.5963798635086998 0.6729036401096095 0.6893642571838513 0.7227178265912384 0.7478760550562905 0.7578668820769238 0.7959015766991233 0.8324445633478728 0.8563689989127905 0.8960905406077282 0.9332594695536901 0.9971568571162922 1.0809267179251048 1.1436622415415172 1.1620128442357083 1.253214582225139
68 680 0.035972760932431715 1.2361898020163011 0.585598477444112 0.585598477444112 0.6721699861994005 0.6839574068741756 0.7179431283309736 0.7445753469095789 0.751165079732623 0.7926143407109877 0.8384318212040176 0.8557760420603182 0.893180292989879 0.9439264061943614 1.001748025093712 1.0710264008695756 1.1467188979113936 1.1858895273862213 1.2361898020163011
69 690 0.03478876096902288 1.2300854331700444 0.579612160752626 0.579612160752626 0.6721438461398885 0.683590048619922 0.7160473929709369 0.7411792734105231 0.7593450829569722 0.7942611317592233 0.8312210690457975 0.8441083675023912 0.8877156266243794 0.9415580392002246 0.9921791902163536 1.0877098430031196 1.1576933704466335 1.1910360210842201 1.2300854331700444
70 700 0.033399818662071444 1.232547674326852 0.5817844929336055 0.5817844929336055 0.658009426430118 0.6720577482952258 0.7105814473459472 0.7394246864530087 0.7530076839449047 0.7894929814987288 0.8275569421182785 0.8451060276590809 0.8788626469166789 0.9480484287272348 0.9860990851536162 1.1010526018221902 1.1616960139770987 1.1957862969787798 1.232547674326852
71 710 0.030606719048645672 1.2367839550268354 0.5715407362914557 0.5715407362914557 0.6503284668048745 0.6743374624213618 0.7057793671405549 0.7395112272583374 0.760535373148791 0.7838918104064027 0.8217210552257044 0.8478918851309358 0.8801805144007655 0.951667523293304 0.9842718670437196 1.1110351383284691 1.1620369152396257 1.2065270283502134 1.2367839550268354
72 720 0.028845095732134708 1.2383005458008287 0.569808190199841 0.569808190199841 0.6485710955816287 0.6686994352032174 0.6889140517362531 0.7365142519769378 0.7584200398784532 0.7776205525526939 0.81135674850131 0.8375679457511719 0.8836386180403214 0.9516557263641202 0.9784544797938644 1.1104489726992113 1.1517640939716138 1.2078376437061007 1.2383005458008287
73 730 0.027808992272642545 1.2218419970451326 0.5575794918516059 0.5575794918516059 0.6476079075634461 0.6645424982283331 0.6866613748314497 0.7378385995512957 0.7602862829531581 0.7677992850950054 0.8094814487725653 0.8370227021322627 0.8864975311883755 0.9517617487524942 0.9819938025348292 1.1015493374049299 1.1461095705418711 1.2106470495290442 1.2218419970451326
74 740 0.02584976782388607 1.2465542368122209 0.541006142429549 0.541006142429549 0.6474124945923811 0.6589205964678552 0.6888403939765196 0.7313387676814784 0.7545420323179479 0.7720105258670042 0.8077527771682573 0.8366961568332959 0.8826565650313951 0.956691502190428 0.9829925046531912 1.0960442909520902 1.1165998855729753 1.2160343476388906 1.2465542368122209
75 750 0.024398681621039465 1.2560321550164721 0.5382811718083252 0.5382811718083252 0.6502864793411209 0.6550547393479283 0.6892908161591975 0.7146530740912279 0.7458117182261907 0.7646141732787577 0.8042872351308117 0.8378796869435318 0.8791368248356751 0.9578099506633257 0.9785452187100232 1.0982808881144241 1.1131577710698974 1.215762094783568 1.2560321550164721
76 760 0.023697094938217582 1.2583857033542136 0.5277978027290801 0.5277978027290801 0.6499672625535153 0.6580337049714581 0.6875600712621621 0.7103166550767148 0.7427320011426725 0.7683852285942326 0.807295714647727 0.8279962865108276 0.8581620013340095 0.9540649495041881 0.9837188401139814 1.0900548068365594 1.1164614412748877 1.2178499741253057 1.2583857033542136
77 770 0.02318139644365064 1.277267454773544 0.5206286960316803 0.5206286960316803 0.6469373670159425 0.6581887152998694 0.6905728406005743 0.7053672732951298 0.7372114520337396 0.7659834516116573 0.8067494085504632 0.8222981095345372 0.851862154868888 0.9465440603805717 0.9875566833579964 1.0857261157595421 1.1168429570727882 1.2183371440485373 1.277267454773544
78 780 0.021936761984105362 1.2672299687019624 0.5200991117404202 0.5200991117404202 0.64914962557272 0.6577529757820294 0.6828030110137918 0.6970970484745113 0.7362339327991522 0.7640741994972217 0.8067652686580276 0.8358427098053395 0.8532593324349634 0.9467917314352032 0.9896291165658481 1.078420805757742 1.1163057647768073 1.2164075257158555 1.2672299687019624
79 790 0.021294860505012024 1.2647886224437812 0.5154636846930536 0.5154636846930536 0.6481867100689702 0.658891179283518 0.6695331084164712 0.6885082269040378 0.7385177479092279 0.7645337361291834 0.8076157105076487 0.8337467011008679 0.8474670218554949 0.9303999684414208 0.9920280368730838 1.0840988897601176 1.1231542888119146 1.2257639778261928 1.2647886224437812
80 800 0.021884720372747482 1.261057555429605 0.511162537271767 0.511162537271767 0.6410958413069381 0.6590290329419373 0.6595869733694605 0.6891214774660834 0.7280744780385029 0.7608835429817623 0.8052092425619959 0.8404727537798864 0.8555782625452424 0.9309188960434157 0.9961358066664207 1.0879130248682314 1.1198231243510754 1.213632249578475 1.261057555429605
81 810 0.021508400552258364 1.250193468871252 0.49955017817985437 0.49955017817985437 0.6453618501430768 0.6533823202834869 0.6642110695625684 0.6881855670898569 0.7269217776324014 0.7666868110670264 0.8040990847253721 0.840470645461509 0.8806010417370974 0.9310039365254137 0.9915500639091598 1.0824964172036464 1.107646886928205 1.2152885117989765 1.250193468871252
82 820 0.0214945945818097 1.2546842122743638 0.49876783849041767 0.49876783849041767 0.635941354788863 0.6436957462717482 0.6656167710381676 0.6891379797589956 0.7136244779384313 0.7593870152064314 0.8051552344953588 0.8375655636299336 0.8911732509965997 0.9342658808092739 0.9919770599279096 1.0820346622875257 1.115280211844296 1.2137705817379436 1.2546842122743638
83 830 0.02113053870211021 1.2472663392393353 0.49455254793783937 0.49455254793783937 0.6321200150645675 0.6446382873146089 0.65121954256155 0.6919240105192667 0.7181967618550869 0.7629050641755859 0.8090611034271977 0.8414989472543968 0.8902667079384322 0.9313034216723743 0.9956748115572622 1.0859965870915598 1.106772314546518 1.2105226242257023 1.2472663392393353
84 840 0.022093222176408963 1.2316078974007745 0.4955187273814424 0.4955187273814424 0.6322205513033791 0.6423031309878333 0.6503046558288867 0.6925790960128982 0.7217040176785194 0.7589210160077094 0.8092026050181488 0.8420699784103972 0.8917394654954771 0.9171303577125477 0.9956790457055879 1.0815036797532096 1.1110329973255824 1.2114804638026342 1.2316078974007745
85 850 0.02292184122738795 1.2316523667293726 0.4994508416753161 0.4994508416753161 0.6375048321857448 0.6421683161914836 0.6507018891286331 0.6881365497994566 0.7184336736786207 0.7653130806130737 0.8069474121327246 0.8430926044601081 0.8838382895860446 0.9208754097727659 0.9936627382268428 1.0895615694200627 1.1072996677085587 1.218921400958748 1.2316523667293726
86 860 0.02235038355363908 1.2344472757373457 0.49974230144565235 0.49974230144565235 0.6359407599643134 0.6421143438523129 0.642919886964651 0.6840590479019697 0.7129996442354948 0.7821083912420166 0.803658933211215 0.8479692959188945 0.8795283580838114 0.92119681556791 0.9855700377520171 1.087507025950377 1.11771566602736 1.2021102103028765 1.2344472757373457
87 870 0.02222652422945654 1.2334371059530036 0.5004866299264853 0.5004866299264853 0.6231145679911128 0.6365474234171026 0.6399387591362484 0.6820089004230678 0.7117150871338624 0.7896523322974209 0.806778742711518 0.8453122395931728 0.8892015919997766 0.9193493521779528 0.9600900528923438 1.087058380474101 1.1166392396528801 1.1941860424548991 1.2334371059530036
88 880 0.023124364372288785 1.2434825581261377 0.4987729094992553 0.4987729094992553 0.6217415935507296 0.6372922147611287 0.649898379847904 0.6848371804007808 0.7081954312705951 0.7905937174287951 0.8098210497829447 0.8337012073546959 0.8855810471827181 0.9079383917057121 0.9530758365130708 1.0765413578835459 1.1119231520621427 1.191174943982695 1.2434825581261377
89 890 0.02324701804759017 1.2421946065914469 0.4967466487089172 0.4967466487089172 0.6212143687760039 0.6300072450531349 0.6665719220824228 0.6856125000305636 0.7053619804034958 0.7863732554255684 0.8030067131870509 0.8290632641742062 0.8859840906232322 0.907051784807671 0.9556928345260542 1.075059151171474 1.114851505071397 1.191731340957297 1.2421946065914469
90 900 0.023734019624984174 1.2484795411396983 0.4910361616680107 0.4910361616680107 0.6125197898915309 0.6202236102124656 0.6711240560449816 0.6737747919773251 0.7068182651768156 0.7808057831400487 0.8019302020874958 0.8355846206773772 0.8952536705338213 0.924058579802827 0.9622372312321665 1.06383072806 1.1212117530291368 1.1883684057644137 1.2484795411396983
91 910 0.02273100153448071 1.237945414795812 0.48824194671453985 0.48824194671453985 0.6102606950791825 0.6204441283214707 0.6685158334745289 0.6754009551115294 0.70861415072903 0.772749719304787 0.8098839120746547 0.8509197275505108 0.8952681625269557 0.9390672560666402 0.9574089661796574 1.0583762467401285 1.1117662805500652 1.1781851131749916 1.237945414795812
92 920 0.022752462223195265 1.2380641579214624 0.48301505217181373 0.48301505217181373 0.6047692753009855 0.6182072708633318 0.6626436072230143 0.6787770511218734 0.708732210352189 0.759696520804246 0.8108433422314592 0.8546580907344555 0.9000629511407686 0.9401862431371566 0.9568209513657714 1.0600104168303544 1.1105119323916817 1.1755466056023982 1.2380641579214624
93 930 0.021095059650630535 1.233551823136115 0.46872472037709273 0.46872472037709273 0.6081828080071923 0.6153567519550911 0.6573942743723407 0.6775337843307093 0.7092423771100207 0.759610863113918 0.8143954917778644 0.8669980498975922 0.9013201140594324 0.9428795205457595 0.952191515690608 1.063241551349342 1.1040588553541817 1.176301131202438 1.233551823136115
94 940 0.020726170238556243 1.2377351234979543 0.46471390167342425 0.46471390167342425 0.6078924234843025 0.612771398878121 0.6531913559605994 0.6767765882680724 0.7125240469940242 0.7588255659140856 0.8022529363197136 0.8730901179311236 0.8918054908240524 0.9301889654919365 0.9585562953722531 1.057031083076943 1.1018690203775887 1.1761128505484943 1.2377351234979543
95 950 0.02104163826431278 1.2301211945592752 0.4612563624218954 0.4612563624218954 0.6025727759454123 0.6087293294538872 0.6586178080175821 0.6700563642136512 0.7123566665367724 0.7534306924030414 0.8081438431148231 0.8700956495752868 0.89434733745454 0.9366857048662827 0.9551859874866511 1.0389462429233922 1.098429763101224 1.1982910907665885 1.2301211945592752
96 960 0.021085194582653347 1.2217513810634224 0.4569661535500979 0.4569661535500979 0.6006546810610178 0.612340183591357 0.6469225736096988 0.67296278037196 0.7145170508821383 0.7523120810165715 0.8093819501949789 0.8583580375108192 0.8944388128544677 0.9401606386945625 0.9700750293979179 1.0292844447490404 1.0983663884831816 1.2057659260804132 1.2217513810634224
97 970 0.021086875067325886 1.2306058142464935 0.449404252565564 0.449404252565564 0.5947487541492142 0.6088763457134652 0.633085993203224 0.6721002475760274 0.7058919071267249 0.7587181863125553 0.8108249103895114 0.8633437203818034 0.8959842202537465 0.9380536350384088 0.9717914756590219 1.0329716580662185 1.097691876033086 1.204396765086255 1.2306058142464935
98 980 0.020401823744134275 1.2525811074455278 0.4467854884117594 0.4467854884117594 0.5951752168892559 0.6059155548391327 0.6319335382247745 0.6648532751592546 0.7005589055978821 0.7563342586749139 0.8090078733099247 0.8625173282889707 0.8970455961822015 0.9299570423910429 0.9786006675471495 1.0209283857506544 1.0902384264664684 1.203669714652809 1.2525811074455278
99 990 0.020452687634043475 1.2526060525321618 0.43871464223823253 0.43871464223823253 0.5891418910511785 0.615871038648811 0.6297093599952767 0.6619623651878903 0.69985647362628 0.7515605452714036 0.8037842438817181 0.856827122546176 0.8990907866355512 0.9362361815972435 0.9662690437239014 1.0203662899124322 1.0879524366705298 1.2022843567197028 1.2526060525321618
