% # columns="iteration, evaluation, sigma, void, void,  stds==sigma*sqrt(diag(C))", seed=531631, Sat Sep 17 21:41:29 2022, <python>{}</python>
1 10 0.23806413869936563 0 0 0.23771627325473585 0.23637091551244205 0.23779812063853553 0.23795660197837804 0.24183340898095182 0.23378965804879104 0.23609685687791038 0.23889053325964055 0.2377990472538507 0.23597448411386046 0.23926862062488635 0.23647754771444204 0.24152755696030845 0.23649851114285997 0.23728632051815376 0.2414289708531359
2 20 0.2245962356004195 0 0 0.22251723306299667 0.22139626366751802 0.22297102985132372 0.22401696771288632 0.22823174934980756 0.21967742491931103 0.223478059827068 0.22198480902404566 0.2244969481267558 0.22092936823248754 0.22522256158545556 0.22311366460662269 0.2289426288194885 0.22582811919150286 0.22240010758682724 0.22693778171041223
3 30 0.22643149559546663 0 0 0.2238833483861608 0.22267428322172633 0.22874288024310682 0.22619950047070703 0.22968672081056932 0.22132811264603058 0.22617982267611964 0.22457373594742241 0.2269860478566312 0.2202881973914558 0.22754845343290148 0.2213429520733064 0.23054459494495635 0.2351689102776468 0.22608739707565464 0.2283341527368865
4 40 0.23515325484032037 0 0 0.22862405846281475 0.2327573929305126 0.23778735535401854 0.23854200376274398 0.23816950429460831 0.23322411917491642 0.23489934108280078 0.2311175956106732 0.23366724542169126 0.22883193404777458 0.23596688970389074 0.22990028536497178 0.23837904137026136 0.24423966150694143 0.2372173338210514 0.2349730593605812
5 50 0.23637322473468966 0 0 0.2309557306336369 0.23538407821870383 0.23785735968068938 0.23938095513492944 0.23681181609651533 0.23446054521628426 0.23625505762234622 0.23246964794383349 0.2364951615329466 0.2303105220829732 0.2362959811005278 0.2299163120355276 0.23747253688793385 0.24514067994282404 0.23972173011515363 0.23800959440541677
6 60 0.24285375110267848 0 0 0.2375927818176492 0.24099255469508254 0.24316446011389117 0.24420399847452098 0.24751643287002825 0.24466499763876384 0.24155544928732 0.2401124658386685 0.2459955776900291 0.23487102858099895 0.24326515157473386 0.23288645097710228 0.24455637760272977 0.25165890502590377 0.24540571399230926 0.24699966143262847
7 70 0.2545197438881549 0 0 0.2499535083797327 0.25100053526054 0.25994076687061557 0.2613779782221154 0.2620187037788926 0.2602805211845571 0.2541748446924011 0.2483354769021108 0.26093202771536605 0.24308131147513096 0.25220191850323226 0.2447445483044404 0.25763480726194354 0.26428291816866045 0.2555743496194553 0.25875505060531845
8 80 0.2570544986224697 0 0 0.25213515904184836 0.2517734449936358 0.26192391662327424 0.2659982110043016 0.26603792369230983 0.26778264595136725 0.25647599154661815 0.25064969761576594 0.265058341315633 0.24695813231365416 0.25467020940011315 0.24587622108961743 0.25762417396122617 0.26782222329398486 0.2583797470215823 0.2648671254122929
9 90 0.2579734106230303 0 0 0.25425439370994773 0.2551298895125604 0.26406409495119715 0.26545942631941843 0.2677327042652626 0.2666033728865339 0.25240675795035267 0.24978152010313753 0.26604341271602544 0.24813629898171963 0.25452008816207705 0.24761770564576832 0.2575739377150872 0.2673532505213288 0.2595271708178889 0.268712333601325
10 100 0.24698941440961056 0 0 0.24540116105827528 0.24043660508325912 0.2518359215480592 0.25302122356044376 0.25670200568048934 0.2559049391950918 0.24042892913488237 0.23807102106651126 0.2548930539622635 0.23738627478798263 0.2444131300082794 0.23614988274264678 0.24464968864958006 0.25609222743561244 0.2470106274398048 0.25197827245525556
11 110 0.2335933276979907 0 0 0.23145801350202674 0.22960292153316894 0.23526313828928216 0.23707998913965037 0.24120613991281792 0.24299520683644177 0.2268159166052991 0.22455566427032142 0.23902688369873437 0.22653977454050567 0.2310129474698094 0.22144558677578904 0.2301219495627703 0.24400990245320286 0.2303082816995031 0.23846684857534817
12 120 0.22662677916565954 0 0 0.22514792249488663 0.22179397022727454 0.22800828606371668 0.23181212171629345 0.2347762055854943 0.2334998086709164 0.21830582492934458 0.2183434955151531 0.22867733380273533 0.22171480990818962 0.22340709264183642 0.21395356505595742 0.22246376866655984 0.2412247288217394 0.22245788959569976 0.23371941779248834
13 130 0.22474874726503105 0 0 0.22356444789119534 0.21811619893157871 0.2246207401321933 0.22769226346567015 0.2301312856092818 0.23370188402909944 0.21667647073950735 0.2167875085808179 0.22613136223170563 0.22082670798183754 0.21929867648044413 0.21402796833104404 0.2191381905026918 0.23939917636160177 0.2217938315956811 0.2347866557751392
14 140 0.21551176087661494 0 0 0.21493291561795472 0.20764258834886995 0.2147881255060156 0.2155163412988411 0.21664434722632225 0.22540982729095788 0.2060834867615636 0.20863577287487314 0.2160743653876872 0.2093007587485075 0.21294013810907017 0.20565182695081893 0.20669252917585154 0.2292095466914115 0.2111695445952171 0.22594916734009055
15 150 0.204073268444761 0 0 0.20518978232056917 0.1959150891229378 0.20366724368247088 0.20389319128286834 0.20423018118559355 0.21320383252780706 0.19488409771105425 0.19435992929812698 0.20525336364140714 0.19654465832310153 0.19940454936229035 0.1947348548975029 0.19452564042377699 0.216489069168147 0.19980613903976924 0.21685392795807037
16 160 0.19230142575579492 0 0 0.19355237830263783 0.18437552411533215 0.19094400461516425 0.19335301899466345 0.18982940267633014 0.2016158380501951 0.18377564804113322 0.1837549585171497 0.19109974107315383 0.18521862620194168 0.18573333682606238 0.18241111247120131 0.18333192926746333 0.20158159243069373 0.18978870840691775 0.20120506351399714
17 170 0.1769636616193696 0 0 0.17788893429160085 0.1672166821969916 0.17401397250480294 0.17593176579450687 0.17334549463003093 0.18560788794912073 0.16934912490622173 0.16776330866162292 0.17604184478207768 0.17030280427355557 0.1698732314078376 0.1680619932446147 0.16717620183106058 0.18587574340616006 0.1763662740827758 0.18556144762193738
18 180 0.1709848107708487 0 0 0.17052322816583487 0.16241312591015072 0.16861506935249249 0.16921983688087766 0.16706967193449757 0.18054767259762727 0.16128335727814844 0.16238184450801313 0.16964727687968192 0.1649807456395062 0.16371518538054874 0.16115354504813498 0.1616501796862292 0.1814019255420306 0.16942741958428698 0.177899733436649
19 190 0.16779472848284896 0 0 0.16924836352285594 0.1589593742327914 0.1667503282075502 0.1626271331922156 0.16203381322157961 0.17836307004169819 0.15489651187252806 0.16139868964227652 0.16603930961191188 0.16141416651112336 0.15991120645725296 0.1581699275539142 0.15813889934470787 0.1779485625844515 0.16536987020416832 0.17371010467297066
20 200 0.1624793978493811 0 0 0.1647209108819324 0.1544693290681918 0.16169757603585508 0.15721680598796747 0.15574741483402615 0.1714693016538569 0.1501226384401402 0.15587006290980895 0.16162200326209283 0.15587502872332912 0.15386503493985765 0.15318865696907114 0.15312255499954353 0.16946922151350427 0.1601532396885515 0.16674272559321052
21 210 0.1566759853869679 0 0 0.1575110018557593 0.14822976523400153 0.15585703034371956 0.1498452171656123 0.1505442879994678 0.1649967846657125 0.14485230376873956 0.1501378359669361 0.15515708278640708 0.14779334336191385 0.14789250208593532 0.14672858706665867 0.14713526497726526 0.1637058773076198 0.15455853243913523 0.16061135700454612
22 220 0.15268810940159055 0 0 0.1527716253751908 0.14292230450234114 0.15134053287302593 0.14481249380528635 0.14746446078388853 0.1592820311071497 0.1421945334891301 0.14735254912984413 0.15140531126378848 0.14311920965621325 0.14258447799231516 0.14246766204824549 0.14248547187543217 0.1586015588434741 0.15077223864514885 0.1582301704788259
23 230 0.1446613901080147 0 0 0.14641930870551942 0.13650045999906918 0.1431356622540829 0.13528165287615115 0.14022169287244196 0.1496799045334567 0.1358643311143605 0.1393807962206386 0.14329617440092673 0.13479481735951127 0.1351837519656001 0.13579399151744628 0.1319456946618888 0.15083097511891103 0.14253126943785677 0.14761080363491455
24 240 0.13491524350191855 0 0 0.13608936185445372 0.12840194218863596 0.13373486164356735 0.12417188950663532 0.13073070940392317 0.13905775925348124 0.1266060947223667 0.12780145648277266 0.13435840885312414 0.12435579812546481 0.12526077119432422 0.12648948102092303 0.12328925198944281 0.1402125178835177 0.13516221831047606 0.1370239209790488
25 250 0.1268432135810963 0 0 0.12716937217277927 0.11975398738545809 0.12472134154549172 0.11679416922588447 0.12334211468023709 0.1293888420287878 0.11880602030309766 0.11986015528187487 0.12533795357905678 0.11640652265377295 0.11746368588139744 0.11748921454131829 0.11492926726016932 0.1323221063331933 0.12654754768884935 0.1282203355325878
26 260 0.11835947599053998 0 0 0.12043234259196688 0.1113537035201884 0.11615276848042423 0.1071783851112679 0.11565728877610111 0.1198722021117192 0.1108112674809209 0.11109930923575606 0.11674372660301216 0.10812345829904406 0.10649001189113413 0.1093344550638446 0.10775458577807466 0.12397341113324084 0.11828244704499441 0.11976569740499153
27 270 0.11579484917935984 0 0 0.11831573628856015 0.10761974616510413 0.11257428307537827 0.1047464175195398 0.11243157960474143 0.11624617850523433 0.10718328807678489 0.1081458269799816 0.11412004157319187 0.10606497922153713 0.10621722822042902 0.10715219068540376 0.10551128805776751 0.12121252048551358 0.11602279760725906 0.1179519040148603
28 280 0.11606556692951393 0 0 0.1203832747860374 0.10787267665966013 0.1124107749081946 0.10523093108961805 0.11371743700377508 0.11930757037468945 0.10540045314947216 0.10698365906481955 0.11377721873622029 0.10616516978196244 0.10748765113203783 0.10730686558331043 0.10523124969875736 0.11975503309732842 0.11613813658986386 0.11809532788225462
29 290 0.11171757413577084 0 0 0.11682492135027418 0.10374088926235298 0.1077328966180971 0.10112287983001618 0.11019265504314732 0.114128625109526 0.09973272667997307 0.10282663800178815 0.11051916488719607 0.10281166066287023 0.10403421032209377 0.10346880727317917 0.1004006869057127 0.11489016836541185 0.11093291018747395 0.11419926005243959
30 300 0.10635079502899457 0 0 0.11177122809885456 0.09749120742271486 0.10162841530291476 0.09607906309042542 0.10667205391354034 0.10774722306468873 0.09446885033643732 0.09734650874745045 0.10481178446142246 0.0978526580254924 0.0984597570656633 0.09796354312690131 0.095376449432595 0.10969580945276929 0.1051198564451533 0.1098461002706281
31 310 0.0991087346859583 0 0 0.10374974717859249 0.09060129476335695 0.09404746625921408 0.08885712911577166 0.09934335280670763 0.09855770634266735 0.08803404326369989 0.0905263691838235 0.09825996797095404 0.09041527493311217 0.09143866078694678 0.08982463827201215 0.08898966908972757 0.10195544167300925 0.09667668092460498 0.10237428030732296
32 320 0.09601409258771797 0 0 0.10008328993946453 0.09087288343966989 0.08926070328702992 0.08616569396389302 0.09515814765869318 0.0958027742274292 0.08525585794067182 0.08816562489963783 0.09546378746794877 0.08792144717299721 0.08805056939032206 0.08681778214809292 0.08583737228321825 0.09893116109408583 0.09216605396672174 0.09911695027737488
33 330 0.09131810918115538 0 0 0.09560208445412972 0.08717062490878469 0.08508134226308188 0.08136034530041444 0.08924039456702523 0.09094605503778155 0.08062411078114765 0.08366027956320311 0.09074480123714944 0.08283566512753623 0.08358176556571614 0.08186213981784798 0.08083557799551322 0.09382950676307562 0.08698083905141007 0.09382466282115041
34 340 0.08416293394166034 0 0 0.08785367626346027 0.08030208199249562 0.07772186348165527 0.07561343625237264 0.08109855311608515 0.08323796862424276 0.07431349984922657 0.07648656245499502 0.08351874919540185 0.07634693941062073 0.07677060480836582 0.07501705868836143 0.07455181025774373 0.08641790084894979 0.08042860208205399 0.08567126287210039
35 350 0.07896143907354847 0 0 0.08211133153508514 0.07468017697912363 0.07237701042493569 0.07060871799244232 0.07566106128639359 0.07801341405211659 0.06998472616240584 0.0714477492113395 0.07905331121758574 0.07208557850888242 0.07137139394649669 0.070315795364866 0.06940279379837268 0.07941837417823755 0.07517030847815755 0.08029330043880563
36 360 0.07225179219317533 0 0 0.07497818534630107 0.06794985733623968 0.06624771951724462 0.06432499105850438 0.0693999546758261 0.07140295698280799 0.0637624336386818 0.06488056288050521 0.07224652181861578 0.06568656620917784 0.06509713141535621 0.0643661629879498 0.06339035945300003 0.0728667785169941 0.06771680081428826 0.07325464202893162
37 370 0.06973442823508946 0 0 0.07243708592238805 0.06570590568049406 0.06375999463688838 0.06175939789022541 0.06689290768399393 0.06747751409323248 0.06097199944814338 0.06221040881740923 0.06893217127407429 0.06399016454785593 0.06294275747842289 0.06177180790888245 0.0625516935209306 0.06937138304798954 0.06490707740159088 0.07022483868381771
38 380 0.06606384801702436 0 0 0.0687932025770547 0.060077094889981225 0.05998396771998984 0.05829846616668888 0.06306143177766016 0.06379197520441611 0.05744404057698089 0.0589272731515799 0.0653276838203117 0.06121008202180059 0.05984841457197473 0.05778149942163042 0.05877230565881993 0.06585169585748957 0.06127576496748671 0.06703977725236451
39 390 0.06177915282190525 0 0 0.06427484501881874 0.05576175862202089 0.055240687200902916 0.05430201816520247 0.05878071776236515 0.05956528112023148 0.053682939207098795 0.054778350928867306 0.06107775192678591 0.0565527834715954 0.05616377859287413 0.053586098295022304 0.054943728993972894 0.06134797199528197 0.05670540142135405 0.06256901879966986
40 400 0.05756013662994811 0 0 0.05964140885385835 0.05127306669521001 0.05154253305311023 0.04986269034489 0.05530090646976938 0.05543594098015172 0.05018815021844119 0.05074451948396607 0.056724568760697515 0.052620474895276825 0.05214613989049581 0.05029150593128478 0.05111158303796391 0.05747458097726766 0.052469872184092575 0.0583562520635996
41 410 0.05320444821291225 0 0 0.055226058285083625 0.04743338087700965 0.04711986144193005 0.04592450882649108 0.051005446447351506 0.05087796330287284 0.04668956766714278 0.04627531348931911 0.05118820235277276 0.04855750700744507 0.048242059316003144 0.046398840784991624 0.04694520736112448 0.05306429780638351 0.0482663802063848 0.05386374724088736
42 420 0.050403827446936236 0 0 0.052631898967168855 0.04492486481916542 0.04409620198082305 0.04335376886815239 0.04814683392844758 0.047905474241887604 0.04398612287895724 0.0434113237155686 0.048336153484991186 0.04597524282592617 0.04534994104403412 0.043718451975767375 0.04445713135290339 0.05043607587215282 0.04482405576622674 0.05121605692581185
43 430 0.04979000657102678 0 0 0.05111184091027487 0.04434698482009912 0.04327481122932887 0.04242207793519629 0.047844013282732245 0.04725278821827418 0.043334462174305595 0.04274150124301134 0.047493518150779464 0.0456505306214197 0.04486148035411016 0.04254475235247129 0.043813893352875756 0.049606726005685 0.04420806330293025 0.052026791387038945
44 440 0.04999060330900565 0 0 0.0527225006225036 0.04468718796098336 0.043452440918408906 0.04242308605832789 0.0483905293326509 0.04753698433154577 0.043240326962845146 0.04270372390081983 0.04757997855663436 0.04638504795496707 0.04477127798668343 0.04245383705842747 0.04366002965070028 0.05036131627121971 0.04467021706206339 0.05227833296175051
45 450 0.05233042158835761 0 0 0.055376427560399386 0.04671908626835201 0.04556388028988682 0.0440463295677696 0.05067934750439874 0.049692664021420314 0.04486460202416059 0.04600765863680749 0.04954558158075567 0.049061893896573866 0.046180678584466735 0.04429104977503828 0.04545927028505681 0.052685475172343954 0.04724939640010769 0.05490694730692423
46 460 0.05379733836585135 0 0 0.056818679314289855 0.04826641483057638 0.047188917346346164 0.04519521949900031 0.051971776701324746 0.050960675305708726 0.04597675886863159 0.04771717956862454 0.050996698770912015 0.05055690773958063 0.04743698148474536 0.04565638561384978 0.04649074244886367 0.0540048575851184 0.04815420243938368 0.05564089855328024
47 470 0.05523035375525182 0 0 0.0573552366642474 0.04890095053451607 0.048791351126775045 0.04632496483501971 0.053702677394310054 0.05211599620369984 0.04738779357565123 0.05002216202299683 0.05282589606998815 0.05209767229166949 0.048263984977271496 0.0470098128099693 0.047468138747419 0.05518053975164614 0.04995361589118386 0.05681265228681328
48 480 0.055338153332437016 0 0 0.05748652948455917 0.048876635752459145 0.048727732776836494 0.04654885552619347 0.053770069158501105 0.05185834667359865 0.04761495241608785 0.05038224132085043 0.05327340258633616 0.052473723263660434 0.047867046681459365 0.04709399050461518 0.04726014030266694 0.05450404521107164 0.049466496025557104 0.05718733284661103
49 490 0.05228622534997579 0 0 0.05444742578339344 0.045785814476454426 0.04567552414215687 0.04330434667061879 0.050995182064360906 0.04860727790656918 0.04492708620773814 0.04731190441574738 0.05050610595725875 0.049242303762988784 0.04514386653629867 0.04471716389632102 0.04503943192806563 0.05111376745403672 0.04685299726566214 0.053847775370540564
50 500 0.051176827343656126 0 0 0.05307047528322033 0.04445883721258949 0.0447530156218755 0.041826073431467804 0.04982179209157431 0.04757590172010825 0.04555762784477358 0.0461278235793324 0.049313967911759175 0.047675790829507195 0.04421737139862422 0.04357075495202103 0.04415986381585776 0.04972360178439473 0.047360338376632005 0.052465673715270875
51 510 0.050360194425146124 0 0 0.052220011772276 0.043057658254669 0.043820727337916934 0.04118716728051704 0.049190018601484205 0.046625849370165035 0.04520175545967286 0.045425806446968385 0.04796348093121855 0.04659133202027387 0.043570342988355125 0.04274793902732652 0.043060476528939226 0.048650142221579186 0.046654805739530236 0.05172933811899523
52 520 0.051910750631863435 0 0 0.05367321222539697 0.044748489425580004 0.04501718108268494 0.04397089947772032 0.050233818397136004 0.047721314594241 0.046431046006849205 0.04609099260953005 0.04970702850782513 0.047778332598834704 0.04490737580191728 0.04415079668337459 0.045013555408745125 0.04966745841062953 0.048199286549508745 0.05342328352067695
53 530 0.05177850776859236 0 0 0.05328607815583209 0.044504407978948585 0.04526677950581537 0.043803745013344164 0.050465697330120504 0.04740399579074416 0.046021447200586985 0.04610959732000079 0.05013877252194573 0.0475758950096246 0.044552615483028885 0.04378136811504973 0.044822024337718556 0.04903367230090263 0.0482332647609297 0.053250764964429737
54 540 0.050527554049880664 0 0 0.05212282724085055 0.04366727324145217 0.04414302047633328 0.043300637026937684 0.04917188555686813 0.04580158736938279 0.0444221426960012 0.04462904432061059 0.048898957250891564 0.046692431779346476 0.04311750307649839 0.04263870445912688 0.04365357562949541 0.048689207250475625 0.047341210571847155 0.051477961311398625
55 550 0.048970313254975494 0 0 0.05061422015167092 0.04251281261288621 0.04257829705844163 0.04197457729043307 0.04753917032567165 0.04429534796275747 0.042719188848693954 0.04349664390679192 0.04705524594325184 0.04460832770270856 0.040853085309243024 0.04136348289210794 0.04255750962246516 0.04752390502475208 0.04583572892325114 0.04967381491228614
56 560 0.04754678261210223 0 0 0.04956793512896032 0.04144152793466094 0.04145727534536157 0.04077789223589184 0.04553768293634296 0.04307551706293865 0.042100740582209084 0.04229592584811118 0.04592215544548481 0.04315845379361363 0.039466628643004785 0.039682672712614386 0.041266159895577255 0.04610947411086493 0.04474985498744082 0.048231528422973964
57 570 0.048150347018091316 0 0 0.05010711273217439 0.0419598336513455 0.042667292063254085 0.04073487101190165 0.04749567604065834 0.04391749922032246 0.04257898307426326 0.04227064708368568 0.047120158124337785 0.04400911377146029 0.03957375213319267 0.040073196605502875 0.041783684547454146 0.046112086400028944 0.045189212494867875 0.04819513672693207
58 580 0.04750336274268018 0 0 0.04906596595253749 0.04101583932958596 0.04206864864243341 0.04024037876242725 0.04717656583105974 0.04373086767913687 0.04217054436459532 0.04136012126153775 0.046353064264912834 0.04358938627364694 0.03912763012307946 0.0393365078197027 0.0412613148909802 0.04454274578678057 0.04467312200987014 0.04710624267154675
59 590 0.045586710632170756 0 0 0.047287549237329585 0.039395827913864395 0.04000941733404069 0.03871564796352065 0.04469384331108071 0.0418108500587179 0.040666734311970244 0.03946379620572783 0.0441212133291644 0.04153795303384602 0.03765741438529476 0.03758431418726205 0.03959324336768287 0.04281275473321219 0.0427003360872104 0.04508449856404065
60 600 0.04475110228575698 0 0 0.04721029587573437 0.0387983148442183 0.03931622512095614 0.03800237243598942 0.043715020868936014 0.0411657025403853 0.03976257592220195 0.0388528696652448 0.043232111306114714 0.04078767597713522 0.037061635090580074 0.03683386666944892 0.03924720125555473 0.04160005470030488 0.04133721864205057 0.04404246550988841
61 610 0.04321552170581345 0 0 0.04594250880661229 0.03624285068927192 0.03760260814116316 0.03649812512055651 0.04186224900704096 0.03991532728246761 0.03841909164553481 0.0373127250564021 0.041589271106784224 0.03970924179207144 0.03588852704592404 0.03621105075863876 0.03776751776561915 0.04039067942648028 0.0399118807959577 0.042652824989329305
62 620 0.04056569059270827 0 0 0.042577084244163094 0.03417514447169735 0.03528893734499647 0.033980149318470904 0.03924428252914595 0.036656660799483244 0.03598862407552382 0.034707906498067966 0.039033131894744805 0.03726706326228044 0.0334801838883864 0.034028959238818345 0.03535921428257898 0.03767240720984336 0.03744109827295725 0.039954826975547315
63 630 0.04022012300419327 0 0 0.04147037488884455 0.03387418809119775 0.03490569096496518 0.033730391407672373 0.03870092533987103 0.03644887770561514 0.035878979559949474 0.033995900353335044 0.038401298058807404 0.03718261795660731 0.03305074408399284 0.03359343241454047 0.03509627648380683 0.03775972204160273 0.03674570172227501 0.04038190861112139
64 640 0.04019208451107096 0 0 0.04159497226989372 0.03344675516046695 0.034943757559070227 0.03378931119967712 0.03861764493376102 0.03667855181071168 0.03558383001468538 0.03380548322278985 0.03887218330705655 0.03689316209020421 0.03293263663128855 0.03378283626759474 0.03497540779854873 0.0377659815739645 0.036981255287098634 0.03994128372486661
65 650 0.038566416869647055 0 0 0.04033403845747812 0.03181452959040516 0.03336920998265896 0.032235303442685284 0.036696935206163975 0.03536745168603113 0.03397138200562477 0.03238740034618345 0.03737831393944944 0.035538386886028624 0.03127565883223511 0.03265747416093091 0.033529233910961596 0.03621195746418109 0.03518950673625649 0.03844989559560167
66 660 0.037625945476432804 0 0 0.039873454498822576 0.03062494126664713 0.032265457942075526 0.0313022542195381 0.035832223960254 0.03433067037153794 0.03303730000771797 0.031423526779031374 0.03648054458229342 0.03454260790297589 0.030919360311510484 0.031747297563806155 0.032904928371560706 0.03538058147330087 0.034507336170064795 0.037321371537264524
67 670 0.03665155388516549 0 0 0.03865664152338621 0.029925018513715037 0.031810858849809553 0.030619478992311502 0.034345779092685685 0.033551199884459336 0.03196131134814832 0.030561242449338694 0.035876566940661596 0.0334545227615865 0.03060796662054985 0.03114569525954693 0.03188941290926824 0.034433670370315236 0.03303149401855781 0.036360982645081696
68 680 0.035972760932431715 0 0 0.038782391537396835 0.029435869687641905 0.03154739779142114 0.02955736043894871 0.033575636419368005 0.03295550036379776 0.03107837690626365 0.03012527720506737 0.03488169867046903 0.032758303818232956 0.030319825995185106 0.030290743025054273 0.03130223435047467 0.03378857551278974 0.0324101990508817 0.035385271385821024
69 690 0.03478876096902288 0 0 0.03814784522007945 0.02843570661197027 0.030529214899947102 0.02844168790244508 0.032516720106335474 0.031662065938087534 0.030228316838349995 0.028783512947148083 0.033460572102006855 0.03146920099218884 0.029255585368462334 0.029424139652101073 0.03024529930881793 0.0323946946454823 0.03127559645428238 0.03428028941786418
70 700 0.033399818662071444 0 0 0.03704112296220825 0.02763692071436175 0.029722946031925147 0.027090975508027516 0.03120584711365661 0.030472035272069924 0.028803536944339386 0.026946867278370434 0.03200889230887992 0.030359150882822303 0.02816557060748829 0.028164984053344444 0.029530483518532148 0.03097672377239169 0.029805736274225628 0.033166502771029505
71 710 0.030606719048645672 0 0 0.03402418659609201 0.025000323006119665 0.027225978783090132 0.02485331689465086 0.028470775501417283 0.02778115850279414 0.02617517122899169 0.024644240389233477 0.02921825981554361 0.027649944937017303 0.025536995449809294 0.025761847018694328 0.02706871254727158 0.028319644599393158 0.027027402521008173 0.030179810466612226
72 720 0.028845095732134708 0 0 0.03151382896756389 0.02365344595010251 0.025670231165911588 0.023511317688591438 0.026633893513064947 0.026157030280866408 0.024555677520126423 0.023092613486099034 0.027605799824893255 0.025970968464068357 0.024286589017072025 0.02443967869189954 0.02538288741737058 0.026591878191097897 0.02514838734716281 0.028148362897718753
73 730 0.027808992272642545 0 0 0.030425986864065807 0.022581567732330863 0.024905424519219236 0.022517307642801056 0.025701737776264406 0.02521002303162867 0.023742764959044507 0.02217017783743615 0.02655549020593782 0.02520539900448878 0.023218792663630236 0.023519250688941548 0.024259208247447924 0.025793199223647038 0.02417722432518449 0.02691809096809104
74 740 0.02584976782388607 0 0 0.028483904816793363 0.021111153521818016 0.02299945082511485 0.020797738635918352 0.023818943720260534 0.02340183665425969 0.021738603977299764 0.02044386976598788 0.024580929154211083 0.023452549316347777 0.021705754394271946 0.021808104442425716 0.02244500898777641 0.023865807972490303 0.02245875187629763 0.025055061083839508
75 750 0.024398681621039465 0 0 0.02709445703566327 0.019783838944705295 0.021827535547286725 0.019614319945886572 0.02232558531840776 0.021749985795044398 0.02047272710336628 0.01929636627611138 0.0232802463188799 0.022185321731498956 0.020005007915931437 0.02054279209932228 0.021211806962388124 0.022443434657666513 0.02116014350184449 0.023594451693215064
76 760 0.023697094938217582 0 0 0.026511565164841423 0.01916447479069586 0.021181150804201052 0.019022159803611584 0.02172898934936895 0.020968600405350254 0.01984034964914183 0.01872131616118659 0.022606301484558517 0.021649710300298008 0.01934509878381658 0.019653657854073584 0.020571210374566263 0.021862750808840547 0.02076876283798806 0.02277246458965291
77 770 0.02318139644365064 0 0 0.026133518512971896 0.0187282505101108 0.020668428158410586 0.01840985043910288 0.021054947376432355 0.020429806278876292 0.019061772806190452 0.01834396494358524 0.022168607557639403 0.021101072938134204 0.018698050657126788 0.01969059797268897 0.02010058550620054 0.021281899351859125 0.020241792630673 0.02229420908260373
78 780 0.021936761984105362 0 0 0.024827678854369865 0.017742057191528274 0.019453838657895427 0.017440380989631923 0.019934347320585556 0.019347823735447908 0.01798865524340326 0.017290174770006637 0.02105165221972029 0.019778338132980175 0.017679980045730494 0.018797880225502547 0.018784654379160718 0.020000251488786126 0.019164463404906178 0.021157155646050977
79 790 0.021294860505012024 0 0 0.024188978053817225 0.017197638571256602 0.018854440485907682 0.01676968277983085 0.019126552967442725 0.018825192814435163 0.017418608234884985 0.016728677196958402 0.02031563279335203 0.01912838252734122 0.017137451151614375 0.018512265997436824 0.018216340553830413 0.01933374692403024 0.01837946535520911 0.020531312432154038
80 800 0.021884720372747482 0 0 0.0243223170019962 0.017722731760615822 0.019410895664174692 0.01725381808847884 0.019282768771439855 0.019167709807518307 0.017874673510136267 0.017449912130113245 0.020816168790048967 0.019631265656429798 0.017684377196298295 0.019495473615260144 0.018667760829360724 0.019924929007945597 0.018906435917688896 0.021178399332134508
81 810 0.021508400552258364 0 0 0.023777484533484158 0.017429300010396123 0.01876852180928068 0.017130401888264167 0.019197003288778665 0.018910999344397172 0.017433946172311504 0.017250010558158373 0.020498230333913847 0.019204160606252994 0.017392786896921773 0.019183592348119834 0.018093534261784797 0.019715673445349483 0.018652213173049416 0.02079790524748836
82 820 0.0214945945818097 0 0 0.023621153319157494 0.016996802412722292 0.01864045903140526 0.017078075301080835 0.01941923161471165 0.019072891491406344 0.017354688265413285 0.017292432366018594 0.020444416062614202 0.019156091013956367 0.017376072013981947 0.019294876139803137 0.018137360292436216 0.019730660589555735 0.018646811772598366 0.0205647274646517
83 830 0.02113053870211021 0 0 0.023014690565755103 0.016735993804303104 0.018186317615198108 0.016802615133567095 0.01917090854611235 0.018581486149756132 0.01709089130836816 0.01703681042256604 0.01997682866822068 0.018803206554028208 0.017007561998826876 0.018894122886801607 0.017788811093068527 0.019157966645273257 0.018510179785551473 0.02025620546338373
84 840 0.022093222176408963 0 0 0.02412756531591395 0.01744156057503662 0.01948979284757556 0.017396833491631923 0.01997797502534281 0.019460547079319594 0.017928743980240993 0.017807462665162137 0.020843467947505287 0.020101012908334985 0.01778611783728357 0.019715177357700512 0.018564916932297268 0.0200449913220974 0.01919833867823738 0.020947951016712173
85 850 0.02292184122738795 0 0 0.02486710864709939 0.018058673132711835 0.020335368243272558 0.017966152283388402 0.02089947064646548 0.020292317339888483 0.01843684736145852 0.0184761685827585 0.02162927512480027 0.021029690217071403 0.018421058583977207 0.02018171094454242 0.019261327629353005 0.020689206634775015 0.019853986226492183 0.021651203641083153
86 860 0.02235038355363908 0 0 0.02412467763169997 0.017757879138631444 0.019943042743138746 0.017277162090845188 0.02026630677789921 0.01976197011742472 0.01796600072525025 0.0180761734025359 0.0210098699653764 0.020529733309346154 0.017975082831112547 0.019136216905970282 0.01881378834123429 0.019956803984430987 0.019457831500844146 0.02099651815371114
87 870 0.02222652422945654 0 0 0.024038767098025417 0.01768116588751082 0.01989119034706434 0.017062646725776856 0.020227204598790502 0.01940263605462773 0.017746144126249058 0.017824063923657457 0.02105111729226321 0.02040021157580584 0.017693652896945924 0.018554369339292186 0.018755055294370444 0.019810084032599814 0.019591901814781605 0.02074056029596688
88 880 0.023124364372288785 0 0 0.025340085234518462 0.01862372452902138 0.020424780911811703 0.017785742406804635 0.021009117278047194 0.0200860432341883 0.018530999803964526 0.01862216907785704 0.02183287294312026 0.020863182294165165 0.01835889518851376 0.019228347517723437 0.019234916054667348 0.02063002163175415 0.020727666203098478 0.021505177000774003
89 890 0.02324701804759017 0 0 0.02551737447179051 0.018862229663627335 0.020430034603437387 0.0178702740948191 0.021077934707171883 0.020457730286818555 0.018259633819653807 0.01867734493618314 0.022062337409170518 0.020665903649435286 0.01858006773825056 0.019231663418820003 0.019376532586606567 0.020857178379021284 0.021004566071335558 0.02182388370304725
90 900 0.023734019624984174 0 0 0.025846701878250243 0.019000825394163704 0.020699390416940452 0.01825187548535921 0.021526734227585834 0.02094250105386155 0.01866899938418238 0.01904430683460806 0.02250972489321984 0.020904074789172614 0.019125277437575836 0.01954554754007952 0.019824358875786013 0.021026126003254472 0.021510382655735707 0.022584539807047183
91 910 0.02273100153448071 0 0 0.024768194464640614 0.018297322066120864 0.019751973631032486 0.017364823212721522 0.020417301048848153 0.01988602871871151 0.017729528140848504 0.018252654753700397 0.021367753057958763 0.02014636759841838 0.018483236579599882 0.01874133670315886 0.018982464097743106 0.02000509190934299 0.020708780707471796 0.02178362118777317
92 920 0.022752462223195265 0 0 0.02495932888841325 0.018226395707719587 0.019871204305882656 0.01728046524327374 0.020360949286763286 0.020011432504143004 0.017759204817777784 0.018226823375266706 0.02118242867597262 0.02015675103095003 0.018613570424538324 0.018803306835556696 0.018993300198232994 0.019785937773229033 0.02073982025298294 0.021815057777549697
93 930 0.021095059650630535 0 0 0.023121951591849 0.01688654320995242 0.01851894792320722 0.01593703615304131 0.018567357540063886 0.018578119260703883 0.01636382693384708 0.016776040565497988 0.01974879160270536 0.01864597070209063 0.017231774041147837 0.017187842228441146 0.01753383755325881 0.01841200412576051 0.019249137004781734 0.020220950899892832
94 940 0.020726170238556243 0 0 0.023091355169604356 0.016637131604240556 0.018242822372821637 0.015659837769954717 0.018112503294877198 0.018266769232859605 0.01607807125378955 0.016171478128631782 0.019188979388386967 0.018123984773702122 0.017022931298909156 0.016902586457341346 0.017325663047473943 0.01802353118689006 0.018942206038306375 0.019719106609059636
95 950 0.02104163826431278 0 0 0.02375694505687735 0.016933985443175967 0.01854947586008035 0.015593640704589361 0.018480295779998573 0.018270432574185223 0.01623879981342641 0.016397518311920527 0.0194890497497517 0.018543026635938906 0.017373599721819278 0.017104065094937122 0.017589000797292184 0.01826265633937859 0.019216622715228743 0.019757183331042136
96 960 0.021085194582653347 0 0 0.023883436957885643 0.0174672367084452 0.018481189156659306 0.015554046749790482 0.018602327217650125 0.018223874086725825 0.016217361396203615 0.01627531766952231 0.019446420294310714 0.018643710068867954 0.017413001108630276 0.017084118449539786 0.01749377842131438 0.018293248792647095 0.01930026184721391 0.019727828884520418
97 970 0.021086875067325886 0 0 0.024208352391068933 0.01729574220364373 0.01851156261438953 0.015520975379369795 0.018489274867574998 0.018258289896700444 0.016240723466959105 0.01607194151904252 0.019315457618457946 0.01890271526407978 0.01724150394108556 0.01703668756173084 0.01752797778369634 0.018185054057032597 0.01917200885778848 0.01976473575667837
98 980 0.020401823744134275 0 0 0.023301132177715678 0.016868515899647208 0.018042596980298708 0.015042310265097633 0.017848043782468234 0.017687114876372756 0.015637475935498163 0.015500472878700263 0.018656360641934856 0.018157056250391258 0.016474780494474883 0.016541209835634577 0.01697945071220211 0.01756289662296666 0.018222441465601407 0.019158119708203032
99 990 0.020452687634043475 0 0 0.023607973823231498 0.01671949409142893 0.018093968704216833 0.015107037962580606 0.01791754892885921 0.017827512804334963 0.015607741711081242 0.015536515921839873 0.018772698683197645 0.018139403485925697 0.016477647464867278 0.01628558728144897 0.01725228542392892 0.017653985576679864 0.018166742651309055 0.019281734122087373
