% # columns="iter, evals, sigma, 0, fitness, xbest" seed=531631, Sat Sep 17 21:41:29 2022, <python>{}</python>
1 10 0.23806413869936563 0 116.28105795510102 0.28811284275576327 0.7170139252691468 0.2972888222665374 0.48740571932497945 0.9834532543065776 0.6864497752208895 0.957609310322629 0.802202954137097 0.3486910211870924 0.030234239829135208 0.482397468241451 0.4596334542096676 0.9826160056874149 0.850893069425918 0.6184268175882618 0.8997714277790607
2 20 0.2245962356004195 0 78.1426563765088 0.3567780308835321 0.4980827930573526 0.08254752593442383 0.5745011745723242 0.4161092804860437 0.9998592170376929 0.9993605831085592 0.9935332257139408 0.025598776368341337 0.18968728981466665 0.30170220272869197 0.646378517615225 0.8119384774085663 0.1740978559362542 0.4645175799988574 0.9770435368950035
3 30 0.22643149559546663 0 39.42128215732586 0.23718482762285759 0.44368506079424086 0.7823211393494777 0.09539194510962978 0.8922829906378873 0.961986612494835 0.8741455100790947 0.9025695954857142 0.22684209090346108 0.011764864974318948 0.2964984814058016 0.5269187548164332 0.8688323862909666 0.025670229746575967 0.07238971871681943 0.9612226267983931
4 40 0.23515325484032037 0 46.4669253364936 0.17305286270032977 0.010420108694657515 0.7491780796232109 0.014459957599623825 0.7295502405070657 0.8749379291960577 0.6576623288859977 0.9884792988765418 0.04537570076366266 0.06755808258218193 0.017020805085137643 0.7715343617072835 0.915490590279218 0.20100542773083427 0.3081104454914172 0.8284086618468415
5 50 0.23637322473468966 0 61.26430091261281 0.4406371910332374 0.2419898555301767 0.37974587210661526 0.2851115267497576 0.8595587083319012 0.5430899763941517 0.994044113983148 0.8455417762888353 0.22088380968491594 0.0008193209708165395 0.07638324740567462 0.7681821861014301 0.787711024165667 0.30983817452726314 0.00249487683342708 0.9994102153722512
6 60 0.24285375110267848 0 58.70985942638241 0.5809457232801285 0.018606456384830862 0.8729913733824757 0.21622465689610892 0.6856365209783968 0.42055524727042937 0.628081779834218 0.7112922540664909 0.6062040135866371 0.004028251345714439 0.0657030578451119 0.7564357017089424 0.9892381868180998 0.2922451709696552 0.11242028895825253 0.7584104839250483
7 70 0.2545197438881549 0 35.00114024493013 0.6503821011338398 0.1009618437237459 0.9948407613276209 0.1486121958959786 0.7226122918809412 0.5056905645631724 0.7470398594883663 0.9882349934863668 0.03445961584215392 0.09783888327912058 0.25919858313625876 0.8603809972382709 0.8667321138742583 0.6005198567953999 0.0019557384913926543 0.8059542774403707
8 80 0.2570544986224697 0 40.654651347889356 0.43516073596925514 0.1768821200634337 0.9251865586437849 0.1139663456790849 0.944239261346348 0.9120028849671595 0.8240212801454576 0.9933847997289328 0.036838430375318434 0.4430869669563222 0.15127662222701138 0.9214998421655389 0.3234914211698287 0.6069342059027606 0.2803732599756956 0.26867135253348085
9 90 0.2579734106230303 0 49.356032523666464 0.6972339065703254 0.12892096918921708 0.9747683152061162 0.3633486267261087 0.9941471357828636 0.719289701418067 0.9999903366215039 0.8518837444591285 0.391297640459066 0.32765759389897214 0.13527592136941213 0.9705302248594325 0.5133268594698271 0.6107182061969103 0.07382316955661106 0.466405256182544
10 100 0.24698941440961056 0 38.62630390066309 0.8556530351358467 0.15916040704764411 0.8803977776943562 0.04571861520439601 0.944730567452301 0.5219500596461593 0.971287875437034 0.9679299820425332 0.0010396610676583218 0.005008131185892433 0.036104717918122836 0.6330700428692062 0.6380153796208571 0.42045162068270414 0.07110671393193405 0.6876485550432694
11 110 0.2335933276979907 0 34.96770105494474 0.5686161028563693 0.17017335146350332 0.9910850665028708 0.1402637847034612 0.9391673794080927 0.7170937574567626 0.9263411061075212 0.9147602052448124 0.1394158698631403 0.0019081022908437656 0.10110003971597788 0.9712980160417963 0.6863276599742247 0.9580809003214563 0.2623401428040327 0.807857571629919
12 120 0.22662677916565954 0 38.4048038264483 0.4076642852112311 0.19588664521306065 0.9976838507270885 0.16978081296441094 0.5071006638786053 0.8988443792935221 0.9829239485531868 0.9130297894897633 0.005371483879423623 0.15119242222953866 0.09119872626488806 0.987192130748565 0.4948984837114098 0.9219665548708467 0.06682060558094532 0.969550115564335
13 130 0.22474874726503105 0 34.789400495500836 0.4938161851709758 0.042038345264366526 0.9983599399934846 0.13676482225793785 0.7458144739984618 0.39281830409912655 0.9977528963184662 0.8990641574017172 0.0004208568266054865 0.19150352511258828 0.07418962413571248 0.9829710165353592 0.9103133944599875 0.972664193909214 0.4116333649064215 0.7834860346597845
14 140 0.21551176087661494 0 32.47912878274832 0.7251710669097287 0.23936426356155394 0.9537388033978345 0.031591853555078465 0.9824274568064612 0.4646207855384348 0.9735667869462733 0.779279204403211 0.0065495796810457136 2.195968643941381e-06 0.34015068921053143 0.9898939890446531 0.8137992312327906 0.8288035030143639 0.058641617266974394 0.8994967490823775
15 150 0.204073268444761 0 35.677578954395585 0.20293099311480622 0.2448267765211819 0.9926442185888088 0.00020229071334022417 0.8564728260893351 0.5757980786821844 0.9659260933748298 0.7246458964770278 0.2824128761271957 0.057401318463345424 0.19433494270879959 0.9968483803121272 0.6837306707759945 0.39748077725271136 0.13211242421543576 0.6632780032973697
16 160 0.19230142575579492 0 31.337967414812358 0.47046058742212854 0.13689464618813824 0.9966929484454458 0.17564912511418207 0.7321728622934376 0.37221399416246237 0.9567722443228625 0.9758279162521544 0.10119859712997242 0.12590332216975872 0.07118120739859457 0.9739082988167813 0.8068772384996864 0.6136906126889327 0.2248963699800991 0.9726748710234713
17 170 0.1769636616193696 0 38.44804945632715 0.2702832697387667 0.026476549845426137 0.9988060566453751 0.0442629066647728 0.9927615218164878 0.9121513814207212 0.9441056589199179 0.7866618257318232 0.05888706661570153 0.0782489188475068 0.0340470712009644 0.7855416470123084 0.8664196377789892 0.8243406390540178 0.27799882995326086 0.9527974912835079
18 180 0.1709848107708487 0 31.356580528199608 0.17597418730782094 0.21498607396539815 0.9692188440977743 0.009828230081462769 0.8267280414157423 0.9727107747940724 0.8533131649851546 0.7836696415965254 0.08838872758781224 0.26705096399419376 0.07960223668458491 0.9998992598909746 0.4784733637504616 0.36604320673734553 0.001837737005641611 0.9978332341428692
19 190 0.16779472848284896 0 31.26360975655104 0.004320130604100019 0.06578628279108267 0.9630862960104706 0.044394352913623994 0.9698728616642539 0.8448116298370574 0.820179281893596 0.6704470578189046 0.0005444080965396697 0.12428538703925801 0.000168076160328167 0.8870925471404913 0.5367860966337941 0.5688133386791939 0.21991410259947228 0.9864015880932189
20 200 0.1624793978493811 0 28.61486987711759 0.003461140519121808 0.0169316162578592 0.958689616262465 0.12555985543423914 0.9265243240866099 0.8532801257839941 0.9954378962459893 0.6320555702219152 0.16765203579850013 0.007061285862136468 0.008827672118974983 0.8696912968011278 0.6052420512551004 0.37821450178787974 0.2394319342357739 0.9818476441604297
21 210 0.1566759853869679 0 28.461635230205133 0.1810489269217928 0.34492819610483216 0.9349573565219286 0.002111231047530923 0.8224332817587312 0.8170689491836376 0.999995172486343 0.5530164675592277 0.037722998680977185 0.029128263618000125 0.0006973823632146232 0.9625634571927026 0.5787803984028933 0.5739187965390122 0.3182855310369333 0.959750172733551
22 220 0.15268810940159055 0 31.52740146250829 0.1166608625198847 0.1493730035853665 0.9670293688792942 0.01342420139609894 0.7847397199243029 0.7079499314056776 0.9158921107927326 0.854724316375282 0.13604056654517788 0.0184318807113991 0.012286861438155381 0.9998041940465006 0.38832741553541494 0.4730949519985402 0.23314718603418716 0.756979650088917
23 230 0.1446613901080147 0 32.057259499814265 0.009013883848518821 0.4164910809784774 0.969837352595037 0.0013147057386906171 0.7462267473009729 0.7345768906147732 0.9914324395329644 0.7782519438754842 0.02524153362057287 0.0016519494498457737 0.01963698794784686 0.806880024127995 0.578944065478975 0.8202518748649932 0.18742214945290228 0.9501302349837558
24 240 0.13491524350191855 0 29.880968061012524 0.3590409521604053 0.000713294953804586 0.9992413630627124 0.046559800611790714 0.8193816074198741 0.45084086853608496 0.9994003372004767 0.8178292533846836 0.05464023588959441 0.017020068126361674 0.08518730048628254 0.9024855746020471 0.5125430001086395 0.4853852892935061 0.07395699573604203 0.9505211408707197
25 250 0.1268432135810963 0 28.830172843878863 0.06509281075184228 0.06534648905126256 0.9212166549222299 0.1199960666662988 0.6462523103979836 0.6836094126643495 0.9980611330827831 0.7193184833872663 0.02020530052394146 0.031468679336451276 0.06769861023871979 0.9277041432571287 0.4302375385193174 0.2938016358335843 0.10621126303852156 0.911477722989864
26 260 0.11835947599053998 0 28.676762325573314 0.01921165822500171 0.08190730336098939 0.9811231440663712 0.001896358408465737 0.6643233729492165 0.6637052176449503 0.9977786844297799 0.7354228762608332 0.0975290513584004 0.1281233122078765 0.0014866698642432223 0.9157598716468301 0.4544378927890488 0.2856654382167243 0.17839467074782656 0.9581019062119303
27 270 0.11579484917935984 0 25.148375296313777 0.0640098671719314 0.16795733578174704 0.9976343508536792 0.0050349021819930005 0.519751218507104 0.7629814373761965 0.9964723681044791 0.7576544927952179 0.05592973091238171 0.008608032512111037 0.027678023464237464 0.9058578928608755 0.29410378465720033 0.45231548963760293 0.2785549419092359 0.9925243048400091
28 280 0.11606556692951393 0 28.050887012424 0.10353301755927147 0.017043643386716392 0.9999000002224236 0.08302032496335163 0.515094436902189 0.9991638875854968 0.9966113283357664 0.6847532716830849 0.04231039902817588 0.03637969129320371 0.1708824332660509 0.8088523081602482 0.42851307094783203 0.299254146789938 0.23912802227951543 0.9854253175128562
29 290 0.11171757413577084 0 27.74595768002716 0.08134670834574476 0.07107911890930943 0.9467887862028862 0.04304142874008361 0.4011735491248557 0.7558872022664602 0.9970092213336421 0.6583372432758793 0.2077575652854683 0.1412107090153737 0.014722781747970985 0.7800922776025596 0.4886266125158278 0.3653739332565106 0.2577948679783785 0.9301987728981432
30 300 0.10635079502899457 0 26.661152902488066 0.05400357948157644 0.033823515136075274 0.9989549533960529 0.07930451980109235 0.5100153748003888 0.7997216315835283 0.9954680550930348 0.6271049661039636 0.005554955487931382 0.08132841221181453 0.05991126521906236 0.876740204005894 0.3796989230545108 0.4084307889608605 0.20080399066344823 0.8560184911028159
31 310 0.0991087346859583 0 25.431798956107304 0.0009275528438264987 0.0002866928707721036 0.99923438020396 0.09597837256050143 0.5908911280784053 0.8939008632012702 0.9961724473708075 0.7519770871313848 0.007747130348108829 0.0007396490163291768 0.044718991826994556 0.934180710063953 0.4461185967604894 0.5427059331066325 0.07986049537304206 0.9648820309878546
32 320 0.09601409258771797 0 26.317586266036816 0.03431798297950985 0.07752542176344145 0.9995855599630762 0.12066324733147077 0.5914481860963946 0.8427155772099821 0.9958072606667304 0.8426331346872644 0.048165639535251506 6.89142802042122e-05 0.0019506679700575093 0.7608520302015375 0.37155306569305296 0.36373024535055487 0.16729724470097007 0.9979942108599114
33 330 0.09131810918115538 0 25.588561121714722 0.004083232228203059 0.042755119962106826 0.9958727904165592 0.016780038556390802 0.6002162211564875 0.7691179219748852 0.9999030727573378 0.7868556195131293 0.1291067180109352 0.02786695568714176 0.0018505731477677953 0.9011837583350647 0.4819556101803252 0.5063699160664829 0.1309025048731327 0.9997872054941287
34 340 0.08416293394166034 0 22.820047333623048 0.010178563854552842 0.0013429555680754522 0.9937144814399483 0.11957216607874321 0.6000883176511275 0.803755800794753 0.9987799622696919 0.8054534623244223 0.16440139987981744 0.016744375522419835 0.0013635955159944475 0.9389893929607007 0.502504710290928 0.35275234879339834 0.18881713789682897 0.9691078805831567
35 350 0.07896143907354847 0 25.117645558929624 0.00038746616862249443 0.030298519358587066 0.9864194620658079 0.10906460177116895 0.6099859219646271 0.9229019089113029 0.9994555174207044 0.7854832266241115 0.2247904038712682 0.00032177547603415605 0.013335522026397985 0.8420153327029232 0.5414138977682958 0.432031435720656 0.19444386272794076 0.9310572560741084
36 360 0.07225179219317533 0 26.131835285246815 0.014898480845547915 0.0035010812228700315 0.994887287466993 0.0909017893814685 0.6706163110525255 0.7783541339990905 0.9976914541646443 0.7878015036048084 0.04573414628428663 0.011120413960780494 0.030487910735380527 0.9104237996600797 0.4880101323390887 0.5176751198520255 0.24990446564134683 0.9416862887697917
37 370 0.06973442823508946 0 26.815690202387884 0.03161375949659709 0.008938374109016501 0.9950839022628734 0.17018375284381942 0.5883443151365246 0.8260841865206721 0.9867393659162509 0.7946626892636243 0.10688808368670313 0.02740086120669903 0.024790856669620463 0.8535333441631421 0.39345876095631716 0.503218236707137 0.21967786760039293 0.9980958141006906
38 380 0.06606384801702436 0 25.930090695320388 0.006707165453728238 0.0017638559770913637 0.9904959794828789 0.11924866291723946 0.5612212988277587 0.7496715758398036 0.999679641088476 0.7654735677526291 0.12388032696910889 0.1400449235226577 0.07836562592937302 0.8398868579260438 0.42068116374757253 0.47814909080290224 0.14818978501878713 0.9459842234273237
39 390 0.06177915282190525 0 24.548331204281887 0.09633283125445105 0.000645983895483256 0.9999559068513477 0.13384312975023552 0.5711713913996377 0.7941683065438394 0.9995281126949237 0.726829821538775 0.1090035570247381 0.07522827559425277 0.09181314353825698 0.8728226751546294 0.41014356509251126 0.4818078753103365 0.16542364662202744 0.9839426388484476
40 400 0.05756013662994811 0 25.592824043870074 0.1293557694206684 0.00023883251987127037 0.9802237455037551 0.1228525574595064 0.4679927784647411 0.8495205341468108 0.9978665318469561 0.7158884629877165 0.14599809133778435 0.003053263041344261 0.02111243549741356 0.8584009394655296 0.5016267822552157 0.46479694874023075 0.19557657107197063 0.9992007862953164
41 410 0.05320444821291225 0 24.309960594816808 0.04667581667983862 0.0007359733419085769 0.9970714406374916 0.11000611175747077 0.5767746370162394 0.8741085732964631 0.9840749286956656 0.8111250645619231 0.10696036415396815 0.031868681487582054 0.049946960866149845 0.8632035259240278 0.4459292752626731 0.33773500537855927 0.18488093575812964 0.9916535505859643
42 420 0.050403827446936236 0 24.346197090380716 0.07360468638359408 0.006141189818440816 0.9980537727529271 0.10854821137744272 0.5427213909024647 0.8392642644690531 0.9998138389304451 0.7849354745461228 0.15649090929645826 0.022655197670723458 0.03768880198765291 0.9091327092347596 0.4772768793118579 0.41972513864027405 0.204546673963847 0.9541843372266166
43 430 0.04979000657102678 0 22.826370075219078 0.1256435107450669 0.029212452186224917 0.9977898548630981 0.0859085818119269 0.46149163399400706 0.7815052914257052 0.9994512603708658 0.7620562992218406 0.1291784400651821 6.810054405969683e-07 0.004544300392988862 0.8388024282718277 0.420338028139498 0.3322392849308037 0.24055933109380365 0.9255688355627709
44 440 0.04999060330900565 0 24.47535940907646 0.15746700351870824 0.03495428583021922 0.9989551637897026 0.09867757827135162 0.5981486005358683 0.8353480670094893 0.9997288659734123 0.7561520691397404 0.11763194630927878 0.02456251906947234 0.015698822444155755 0.8079436145631645 0.5076123589193584 0.36943434415125154 0.1411494709122142 0.9308129615653292
45 450 0.05233042158835761 0 22.980796011314027 0.16436627357061318 0.049856052582978976 0.990380698808053 0.10567258500093016 0.43390595642686597 0.8495717748121052 0.9992681276326755 0.6412218743778528 0.11019507625776473 0.005801486100711093 0.025952517243887398 0.831193809859363 0.42966788307304654 0.4013659787644564 0.0775977231559207 0.9285429942392068
46 460 0.05379733836585135 0 21.589500334610833 0.09165216838292514 0.08602792806872911 0.9858593762861648 0.06394812321370608 0.499152374770589 0.8143043249629209 0.9929272079467819 0.7088518818319359 0.19381656170242995 0.0011165304720216667 0.00010415558862285317 0.7818618957463201 0.4929880727411735 0.40539320284530295 0.10244003925034746 0.9773875086342743
47 470 0.05523035375525182 0 23.150995231971464 0.1071803304523693 0.028152412834329975 0.9999848894222315 0.06937855601620874 0.4199724011549788 0.8510856115511685 0.9919972451350391 0.5845245867379532 0.15313449246647187 0.002696466258909382 0.0014754190835552 0.7833352801560737 0.5100394588964178 0.43940273745834557 0.11229895336294626 0.9537322036424697
48 480 0.055338153332437016 0 22.77932769373994 0.1464968522559756 0.0669805710108399 0.9867198442844841 0.05877154382031857 0.41206726029641766 0.8284339984038136 0.9747309654781376 0.6469321074001295 0.12782218138661236 0.01306764726776361 0.008699162751449776 0.7534299599081783 0.5025297120312389 0.4126509733377151 0.09813989335868947 0.8928840517400589
49 490 0.05228622534997579 0 21.93110163863141 0.15378213053303463 0.028706364438846024 0.999480034930283 0.08289214537290407 0.472223158027396 0.7950784716708841 0.9944997650909799 0.7302407678591927 0.18470918780409273 0.0014485701017311475 0.005310201595920664 0.7433212735336978 0.5701059227160656 0.44651975967850577 0.06124623161854898 0.9516529994039494
50 500 0.051176827343656126 0 24.48232952326059 0.10210915132044607 0.01771549037447976 0.9907492756414601 0.07278604729818397 0.5000223217531341 0.8495506389680103 0.9090639269709148 0.6617445798170983 0.1631090398124545 0.01859227912009086 0.0035068124325806087 0.75781011861455 0.5583850314210117 0.5168907237543949 0.0001860978743119522 0.9493480756726732
51 510 0.050360194425146124 0 24.269436653179653 0.061495275676629296 0.04673631367089842 0.9861691434109878 0.022991804768440934 0.5815734805494045 0.7899009428130972 0.954749873063123 0.6636831729750801 0.12935425857145602 0.018379643372813618 0.02760193056245061 0.7890213865916372 0.5212728422880095 0.4729182472135065 0.018194008234452153 0.9107365042702001
52 520 0.051910750631863435 0 24.97344209814093 0.0983191392845619 1.2228737087310028e-05 0.9894303975806418 0.0008150711719971692 0.5552576327146177 0.7743698908819197 0.9623260152587061 0.686935177887229 0.1626732729854523 0.010806667099852509 0.025368859081059427 0.7357985256300532 0.5925531717124138 0.436430526519832 0.08627467824692733 0.9266295887618655
53 530 0.05177850776859236 0 25.73957726505857 0.0947520093082746 0.020127617060891882 0.9986879488516192 0.012907884365383227 0.4684616265444984 0.8260981016807927 0.9538596618830936 0.6515341944893557 0.251113428289656 0.053584475540787865 0.005688136092237707 0.7344456620289032 0.5163064365714203 0.4234354114511581 0.012705845224840091 0.9000216470960694
54 540 0.050527554049880664 0 23.32584214069506 0.12192422069789988 0.0015324867247693637 0.9926870170883415 0.06001818057343017 0.44555526659869293 0.8576504003463894 0.9768042880132336 0.6766607854597296 0.22139131347220237 0.05912064016327063 0.03782127728970947 0.7780327502548778 0.539982436621106 0.29460330016736724 0.11249926228608698 0.9305123130274174
55 550 0.048970313254975494 0 22.895567325541887 0.0361703642056923 0.0564883995088106 0.9969817350384176 0.03199194866605044 0.4728726024624936 0.8072304191252913 0.9808768889128225 0.5728757778880778 0.22830889851472685 0.012369914111424622 0.014848674004093645 0.7287537937504356 0.5520914690310382 0.3605067848610502 0.04274522834612845 0.9233256389280358
56 560 0.04754678261210223 0 22.4593766770713 0.00719433166413788 0.03421034760645168 0.9996811045829329 0.01378067144689457 0.4730877190235685 0.8608743652506778 0.9999979570005917 0.6705324789666354 0.32283206111506135 0.003803107575010462 0.011049483594687291 0.7979556898850734 0.51858894638136 0.3580822327229712 0.14288510465754672 0.9540940143052027
57 570 0.048150347018091316 0 23.49626610164726 0.012296420372942832 0.046133648793512956 0.9967538467837906 0.016045744881922827 0.64604258565517 0.8337448674092878 0.9955346223117865 0.6303352620152759 0.23995789611412655 0.03499275126094619 0.01614818632842757 0.7338172984406011 0.5629822182029015 0.39095946687371375 0.03338798700808524 0.9602916365314028
58 580 0.04750336274268018 0 22.089380374873308 0.003305566880059358 0.04151843835418254 0.9977622726336617 0.009175420141572802 0.452118917174603 0.830784926252107 0.9977114622065748 0.6022520096480124 0.25817437162445556 0.04044463997987338 0.0008613602461788089 0.7419859253058333 0.4686269722098996 0.337976627220401 0.11881743702537015 0.9474346174866553
59 590 0.045586710632170756 0 21.66923160858456 0.0017038325777138808 0.12437320049523953 0.9961374089561551 0.07068461197379411 0.504641904519713 0.8900420627051959 0.9860337137675925 0.6310427900675222 0.2257725971814285 0.013677324387584422 0.009012925268695949 0.7362475854702836 0.5067816453146706 0.3985843349359887 0.03584447693872208 0.9345062036942877
60 600 0.04475110228575698 0 21.219087740825955 0.03188157354529541 0.11475747921732793 0.9899133965829651 0.02026554080509322 0.4718257084801528 0.9292531036045668 0.9973584830333263 0.6389935631945786 0.2374937973119342 0.05705201696107542 0.002708009071131794 0.7447651115401652 0.4594467491053561 0.3734135376227694 0.09131232625059818 0.9476008585577544
61 610 0.04321552170581345 0 22.476072402195538 0.00031637370944809603 0.08042057731281288 0.9989028932360955 0.04052230266435749 0.5122980408170064 0.9209933263003552 0.9910858918534873 0.6016278890230975 0.26293622617403756 0.10282585817012982 0.0044000203949084125 0.684035173876979 0.4847353824353608 0.3254723493081839 0.06083159888421556 0.9311804804403799
62 620 0.04056569059270827 0 21.211795031111855 0.01889852615899839 0.10782233986249651 0.9997286566599813 0.06044283021110128 0.45322219435595457 0.9094340841821131 0.9971140993393249 0.5881526350124099 0.26086370390002545 0.0595485805534419 0.0001904181135624928 0.701044852121511 0.4919334813955726 0.34371910540093964 0.09129928384634635 0.9426695286840301
63 630 0.04022012300419327 0 21.628814542221313 0.02319924807586537 0.11941433280767705 0.9985077866559975 0.018731112471659764 0.5008688204269077 0.833126945729455 0.9898818098427091 0.6206265713128803 0.27226819933426855 0.03441219709307823 0.00019811368441944712 0.6965385009941387 0.5596597557187385 0.3336385309580923 0.09682676206808796 0.9505066112859311
64 640 0.04019208451107096 0 22.224308649041816 0.003188004899636248 0.14166373373636001 0.9999993275541474 0.01185926882165139 0.4524822089850142 0.7942193935427309 0.9993366852504593 0.6378488145783067 0.2930261267317727 0.0840830101548905 0.0007604112267857209 0.7457070797728884 0.5011150945464324 0.30554026546701507 0.14446822867789016 0.9690234105686459
65 650 0.038566416869647055 0 21.127476829006604 5.092773652056494e-06 0.06947468294237039 0.9986743198216661 0.05106819626871359 0.4681307795470552 0.8978292280927493 0.991189557824121 0.6592975247059271 0.3251864381531925 0.07126579526201848 0.00016801610775216486 0.7249114660063923 0.5355034938247757 0.3567603819665407 0.11705744787304237 0.9886728140026876
66 660 0.037625945476432804 0 22.23263095732703 0.00015784405824414036 0.13242904813353845 0.9974960709906038 0.051740617549277834 0.504871517279075 0.8592677378387927 0.9916138049768857 0.5764006183930879 0.3339553122934983 0.018446539180018748 0.012728409501619582 0.7136772015210592 0.5271875080835904 0.28442390329746536 0.11604293765470247 0.9609382094458835
67 670 0.03665155388516549 0 22.866401547319192 0.01673800442614461 0.08865680541756038 0.9928973195867664 0.011832678803882632 0.5337405936922709 0.8792105494195719 0.9940311027544038 0.619332810882512 0.33297402952407607 0.03130383296659408 0.0023470826337386435 0.7179345691482671 0.5180306476272505 0.3203545548809575 0.09785011621234371 0.9693160054675481
68 680 0.035972760932431715 0 22.28247484451703 0.06269292663359416 0.11185294270654236 0.9945697997460587 0.03185931798830486 0.5015216083807952 0.8745347194917623 0.9978241393489611 0.595928883630082 0.32602691105576886 0.006343589808862944 0.008917553798050388 0.7753454574990284 0.5029247270075161 0.3099643079227272 0.12711903896729815 0.9529078615520853
69 690 0.03478876096902288 0 22.542122687874034 0.05230488237794581 0.08669881829616488 0.9966054896952191 0.020627831898350286 0.5329784452900476 0.8552935610506747 0.998911239547756 0.604215735194075 0.3166617883015435 0.07166249635986546 0.003962961241842923 0.7297660368546407 0.5076051035926088 0.3293317140439442 0.12033374208664324 0.9252974161010515
70 700 0.033399818662071444 0 23.039985550989776 0.02085952994656723 0.06307244704574502 0.9974026837381439 0.0395154711566598 0.5251110062745297 0.881609257740193 0.9860762983042329 0.6140319561526089 0.3034333727127305 0.03324039691276974 0.002008584498665822 0.7405058393583638 0.5661715529898386 0.35418616686314336 0.06273255457479883 0.8901321609436108
71 710 0.030606719048645672 0 21.41331000238986 0.026122815065478994 0.12221831819940004 0.9997197987785224 0.03350251436672289 0.5066252622328098 0.8590053886878328 0.9927005144184228 0.5968313603828289 0.3096169766317822 0.04818099407526231 0.0008210460760362979 0.7436205680537974 0.5297082803250276 0.35678051035102026 0.08667851855663686 0.9519393687378757
72 720 0.028845095732134708 0 21.740693488149873 0.02050248270792605 0.13745031719816944 0.9986565241855956 0.055645197178078004 0.5065041953833374 0.8754961828394798 0.9917122348946193 0.6081607758129707 0.2635511974071816 0.037889644278767745 0.015115904839774255 0.7352555697110187 0.5066057654402478 0.34667006516799265 0.07478069915346766 0.9378025877027178
73 730 0.027808992272642545 0 22.156251001425602 0.05262831459747508 0.1194134328721678 0.9999357825153761 0.0250182778108424 0.53323415582351 0.8435612267076771 0.9877282697899133 0.5922072830814458 0.2951431455155344 0.014714047304312527 0.0015085809816699578 0.7628999173425236 0.5032091426049062 0.338231328690352 0.06792637288137413 0.9500709270742933
74 740 0.02584976782388607 0 22.66719504921156 0.074674746479615 0.12354869323633785 0.9976963685326415 0.0390492249449656 0.5349627338539521 0.8744668375424425 0.9898201517192624 0.6081254030486691 0.2751092589070854 0.05779247944087189 0.0012253002193767975 0.7435160930729847 0.49557980452933253 0.36589772388714004 0.052703003509037866 0.9327418588165184
75 750 0.024398681621039465 0 22.01879196568845 0.018720723420336968 0.1338772785788002 0.993079610959905 0.017956178059645094 0.4888114420055308 0.8529895391494331 0.9923347166673648 0.5795293020193866 0.2579537142978739 0.035827226977423916 0.006009078315147353 0.7334505484282303 0.46991381212033334 0.3372658851173975 0.07243936934035645 0.9522632849940403
76 760 0.023697094938217582 0 22.34425615417303 0.05624111530503255 0.12672310923318125 0.9991972081426976 0.052340838049261956 0.5111158744209342 0.8605687125835433 0.9925953367901695 0.5807310950955473 0.26002669717732535 0.06588719483315532 0.005355223254541384 0.7447125062147835 0.48030406595147684 0.322158569259781 0.10619522852031302 0.9601959986220353
77 770 0.02318139644365064 0 22.26799510024418 0.05265429144500225 0.1360079911917355 0.9963232992111056 0.03968427308667884 0.5079776686564001 0.8587694801955668 0.9939887918668698 0.5796549866464703 0.2767499877746832 0.06865148834291003 0.0003780911329929104 0.812770655003671 0.48542038082000555 0.34236844254417165 0.1038289389207715 0.9602404750673336
78 780 0.021936761984105362 0 22.071343800186 0.026510839432430607 0.14088788245222134 0.9998339772815207 0.06166123732187906 0.5141192510128776 0.8307313350762522 0.9939073761102745 0.5625593439278193 0.246911081596903 0.030319662715587264 0.0022165490933606087 0.7652634364291695 0.49544748266088734 0.339818612440922 0.07653213705283221 0.9436123448346774
79 790 0.021294860505012024 0 22.383041833210786 0.04951784773972103 0.14015333820698808 0.9939892849128285 0.0437933952445768 0.5102710789837663 0.8605938770243431 0.9916232640330213 0.5486321993508791 0.2639553280217853 0.06561902845902637 0.00015185656930887404 0.8064043491408721 0.5072272725049026 0.3586032453629302 0.09452153230412674 0.962894634072945
80 800 0.021884720372747482 0 22.603959907210992 0.04723516868911874 0.15100682145822814 0.9953553706669059 0.044837533313630676 0.5181276636852852 0.8349781053477534 0.9913775007555246 0.5422219604463742 0.26424342838052484 0.06587061534596451 0.0005043986746045341 0.8262085233780807 0.5331835844875857 0.3539779292479364 0.10086768780304353 0.9634896332417009
81 810 0.021508400552258364 0 22.362403797121765 0.06369277394957103 0.13755702898313618 0.9983652509555663 0.07364813902187148 0.5528642967382298 0.854145097901595 0.9977780374893099 0.5607970591293384 0.2579543200132964 0.04383315023526043 0.004878821694353906 0.8149134705342442 0.5117189467171743 0.37905306122443844 0.10095203626179687 0.953318316582705
82 820 0.0214945945818097 0 22.282418583289196 0.03312017755005727 0.15289823682555442 0.9997213178639136 0.05982124333816294 0.5620860403284718 0.8236057765523632 0.9974977056413081 0.560768599370167 0.28030410884644663 0.06720531064333143 0.0012038685496194622 0.79617779526165 0.5405602065383774 0.3681987597572992 0.0911915161556067 0.9513348817736927
83 830 0.02113053870211021 0 22.65308138399777 0.028546993067607256 0.11003919069838036 0.9981456886273029 0.0293384031878829 0.5686016695048077 0.8571918875814368 0.993319148453558 0.5689313545366124 0.27197955229517906 0.06765369604677342 0.001542251927102782 0.7864103200324084 0.5383690019190683 0.3877332791991105 0.10532845593404415 0.9574597529975332
84 840 0.022093222176408963 0 21.70741835275863 0.013922119277408112 0.13780810850620057 0.9846511432130407 0.038426686938370806 0.5561913609888185 0.8163892457941002 0.9885474813165216 0.5794491927785407 0.2558829969412903 0.01898103847831214 0.001470634379313232 0.7723343256786208 0.5231829408074037 0.3628799770562696 0.11299556160633019 0.9622842965627337
85 850 0.02292184122738795 0 21.923366321531738 0.07383854438279656 0.13422408586728576 0.9885265602716836 0.03242328053558637 0.5882308667027675 0.864434962927912 0.9962601870760085 0.5493742138167944 0.23132492426121276 0.04162938212959989 5.214430992812577e-05 0.7785019212200249 0.5185107648752733 0.344593569358625 0.12571101616642588 0.9578914896522076
86 860 0.02235038355363908 0 21.925711586866406 0.05023734287663705 0.15041617365938248 0.9901757486216296 0.04940490227190516 0.5587515972576471 0.8487805736581175 0.9966468903393285 0.5572365074915776 0.26486271830057784 0.04396942633704858 0.0027892762524362705 0.7780623551397258 0.5309962855759183 0.35777097204662806 0.104804209224474 0.9521499793977828
87 870 0.02222652422945654 0 21.57651094271045 0.023912608311807488 0.1483269119052412 0.9969160499374128 0.04490653386199358 0.5779285201098784 0.8574275560610742 0.9980539765608081 0.5692076178777724 0.27966407771437307 0.042920281243562904 0.0031392656402920984 0.7963202157625556 0.5331702312423504 0.3453647704336363 0.15234934602799285 0.9509955585959107
88 880 0.023124364372288785 0 22.162977273292697 0.09538064319911826 0.17758417690929224 0.9931775024881625 0.06329925148885526 0.548590882970675 0.8771824374594224 0.9902452047010857 0.5394060770962866 0.279278811834245 0.04819080545363081 0.0011832229427249435 0.7890736372529424 0.5293423208205473 0.33953933546408166 0.17144421959523282 0.9455380536416367
89 890 0.02324701804759017 0 22.461622300968582 0.039417701823209854 0.13842890029808777 0.9926122814400639 0.06627121525463184 0.5442811901397181 0.9046068858445494 0.9974897453398961 0.5553686348267194 0.23498401143875003 0.06286882446337078 0.0004306553168101933 0.8002775147509058 0.5040052068923061 0.3376458692759579 0.15721777728230804 0.9198273428989093
90 900 0.023734019624984174 0 22.77346819172648 0.05546379213177219 0.1524388398204251 0.9951024419565024 0.07047024598460186 0.536879836350267 0.9102597901757087 0.9958085772864186 0.5385355122847149 0.30419795475430556 0.03135208145736591 0.004268859383401418 0.7852553598680199 0.5450548844390878 0.3379598079613532 0.13676736493194824 0.9348649119188368
91 910 0.02273100153448071 0 21.829591110043683 0.03849960164601967 0.12059877095172453 0.9952335245324637 0.05946688482114121 0.5480648354854678 0.8902706241659462 0.9957707399059335 0.5747227358427772 0.2621062422845209 0.02412900433192912 4.184059824358516e-05 0.8120832664506117 0.5111862804446128 0.3593979748264168 0.10092573765540382 0.9429914350582098
92 920 0.022752462223195265 0 22.760116059722222 0.011873131430942341 0.10705440596566931 0.9995508455419492 0.05419426975689959 0.581973320098807 0.9062891153191699 0.998948146069788 0.5535268565555985 0.27928837556523806 0.05154877339843333 0.00419126094629947 0.8221840154166619 0.5330706366418151 0.35589798641134174 0.12920386349965302 0.920391030210579
93 930 0.021095059650630535 0 22.495259774968087 0.03556121640474628 0.11821841616451231 0.9995645065925607 0.05952703752040753 0.5877150984413304 0.918231628144494 0.9950451139609227 0.5691484199398008 0.2464238386130358 0.07715075493003366 0.008048640043715513 0.785282585881561 0.5211436549051316 0.36907550716106613 0.10852249410748682 0.944378207013267
94 940 0.020726170238556243 0 21.904035736003113 0.01538563645471676 0.10417968508703254 0.99553734107826 0.037952783183419964 0.5623607336890079 0.912265240330028 0.9925492588679831 0.5436313771391027 0.26488188157136405 0.06596123742357804 0.01215840412892502 0.7777753568437598 0.5535494381139953 0.34612832307931957 0.1304059910269231 0.9298975900793482
95 950 0.02104163826431278 0 22.030055341548557 0.010595847029031893 0.10813762319259274 0.9985866260890022 0.055306127219277024 0.5383318974557512 0.903119444393703 0.9949698645103411 0.5279726751652901 0.23657786658890695 0.0836067415760311 0.01301705930212939 0.8121755819242181 0.536034555391565 0.3407098926029025 0.13016047049007132 0.9377690458903544
96 960 0.021085194582653347 0 22.181776238591148 0.005966618163947036 0.07316708847519018 0.9963568591249192 0.0477165124104802 0.568752974267437 0.9016778491726332 0.9990471791317255 0.562543631302021 0.24557561756195723 0.08583888990719706 0.004754996151897359 0.7877665485953291 0.5250017821526631 0.3455262942668631 0.10758924529868513 0.9215010849907653
97 970 0.021086875067325886 0 21.925161636960702 1.4826946263664057e-06 0.08034302851770855 0.999290814695258 0.055411487395337605 0.5608485898757753 0.9259840574411962 0.9996825880640589 0.5673726849620483 0.25095980805881907 0.09958928504904713 0.008655639855273947 0.770456327851257 0.527622297508464 0.35895302298803256 0.11874309186130881 0.9479379017338667
98 980 0.020401823744134275 0 21.3017073862768 0.010494749325043583 0.08584621703462875 0.9999946784284621 0.05698990427348849 0.5429293088677911 0.9186563372381953 0.9994097842177089 0.5497735032557213 0.23526013842340787 0.059170002141318144 0.0019398280131153617 0.7880179279102859 0.5426933593393808 0.3489449119155148 0.1366407611527145 0.9393549538469124
99 990 0.020452687634043475 0 22.111675431646304 0.00018570311250215856 0.08256552031009928 0.994828593152 0.06211216460287025 0.5703783491009287 0.9326815721707804 0.996611866630999 0.5618097575921276 0.21992889519624653 0.047003916005017944 0.015608297695840283 0.7976437949701107 0.5441917812829423 0.35349220178909085 0.13572842976320978 0.8932295271050228
